9.607174007208063582e-01
9.607174007208058031e-01
9.607174007208056921e-01
9.607174007208056921e-01
9.607174007208060251e-01
9.607174007208064692e-01
9.607174007208062472e-01
9.607174007208066913e-01
9.607174007208061361e-01
9.607174007208060251e-01
9.607174007208066913e-01
9.607174007208062472e-01
9.607174007208059141e-01
9.607174007208063582e-01
9.607174007208061361e-01
9.607174007208062472e-01
9.607174007208060251e-01
9.607174007208063582e-01
9.607174007208066913e-01
9.607174007208063582e-01
9.607174007208056921e-01
9.607174007208063582e-01
9.607174007208066913e-01
9.607174007208065802e-01
9.607174007208065802e-01
9.607174007208059141e-01
9.607174007208060251e-01
9.607174007208062472e-01
9.607174007208066913e-01
9.607174007208059141e-01
9.607174007208060251e-01
9.607174007208062472e-01
9.607174007208064692e-01
9.607174007208061361e-01
9.607174007208060251e-01
9.607174007208059141e-01
9.607174007208061361e-01
9.607174007208062472e-01
9.607174007208065802e-01
9.607174007208064692e-01
9.607174007208059141e-01
9.607174007208060251e-01
9.607174007208065802e-01
9.607174007208065802e-01
9.607174007208062472e-01
9.607174007208061361e-01
9.607174007208058031e-01
9.607174007208063582e-01
9.607174007208064692e-01
9.607174007208065802e-01
9.607174007208066913e-01
9.607174007208064692e-01
9.607174007208065802e-01
9.607174007208065802e-01
9.607174007208060251e-01
9.607174007208065802e-01
9.607174007208064692e-01
9.607174007208064692e-01
9.607174007208061361e-01
9.607174007208065802e-01
9.607174007208070243e-01
9.607174007208065802e-01
9.607174007208066913e-01
9.607174007208061361e-01
9.607174007208065802e-01
9.607174007208065802e-01
9.607174007208061361e-01
9.607174007208062472e-01
9.607174007208063582e-01
9.607174007208065802e-01
9.607174007208059141e-01
9.607174007208063582e-01
9.607174007208062472e-01
9.607174007208064692e-01
9.607174007208062472e-01
9.607174007208063582e-01
9.607174007208064692e-01
9.607174007208060251e-01
9.607174007208064692e-01
9.607174007208062472e-01
9.607174007208060251e-01
9.607174007208064692e-01
9.607174007208070243e-01
9.607174007208062472e-01
9.607174007208060251e-01
9.607174007208061361e-01
9.607174007208066913e-01
9.607174007208059141e-01
9.607174007208064692e-01
9.607174007208065802e-01
9.607174007208056921e-01
9.607174007208064692e-01
9.607174007208068023e-01
9.607174007208066913e-01
9.607174007208059141e-01
9.607174007208064692e-01
9.607174007208068023e-01
9.607174007208062472e-01
9.607174007208056921e-01
9.607174007208065802e-01
9.607174007208062472e-01
9.607174007208066913e-01
9.607174007208063582e-01
9.607174007208064692e-01
9.607174007208061361e-01
9.607174007208062472e-01
9.607174007208062472e-01
9.607174007208061361e-01
9.607174007208063582e-01
9.607174007208066913e-01
9.607174007208064692e-01
9.607174007208062472e-01
9.607174007208065802e-01
9.607174007208065802e-01
9.607174007208060251e-01
9.607174007208065802e-01
9.607174007208062472e-01
9.607174007208063582e-01
9.607174007208060251e-01
9.607174007208059141e-01
5.855378460638166471e-02
5.855378460638167165e-02
5.855378460638167859e-02
5.855378460638176186e-02
5.855378460638165777e-02
5.855378460638169941e-02
5.855378460638168553e-02
5.855378460638167859e-02
5.855378460638167165e-02
5.855378460638166471e-02
5.855378460638169941e-02
5.855378460638167859e-02
5.855378460638163002e-02
5.855378460638170635e-02
5.855378460638172716e-02
5.855378460638173410e-02
5.855378460638168553e-02
5.855378460638173410e-02
5.855378460638169247e-02
5.855378460638160920e-02
5.855378460638183125e-02
5.855378460638166471e-02
5.855378460638159532e-02
5.855378460638163696e-02
5.855378460638163696e-02
5.855378460638164390e-02
5.855378460638167165e-02
5.855378460638156757e-02
5.855378460638158145e-02
5.855378460638171328e-02
5.855378460638160920e-02
5.855378460638187982e-02
5.855378460638168553e-02
5.855378460638182431e-02
5.855378460638167859e-02
5.855378460638169247e-02
5.855378460638175492e-02
5.855378460638176880e-02
5.855378460638174104e-02
5.855378460638173410e-02
5.855378460638172022e-02
5.855378460638169247e-02
5.855378460638167859e-02
5.855378460638167859e-02
5.855378460638165777e-02
5.855378460638172716e-02
5.855378460638164390e-02
5.855378460638169941e-02
5.855378460638160226e-02
5.855378460638162308e-02
5.855378460638167165e-02
5.855378460638149124e-02
5.855378460638169247e-02
5.855378460638179655e-02
5.855378460638174104e-02
5.855378460638166471e-02
5.855378460638156757e-02
5.855378460638167859e-02
5.855378460638168553e-02
5.855378460638176880e-02
5.855378460638167859e-02
5.855378460638164390e-02
5.855378460638164390e-02
5.855378460638162308e-02
5.855378460638174104e-02
5.855378460638158838e-02
5.855378460638172022e-02
5.855378460638163002e-02
5.855378460638174104e-02
5.855378460638171328e-02
5.855378460638158145e-02
5.855378460638165777e-02
5.855378460638172716e-02
5.855378460638170635e-02
5.855378460638157451e-02
5.855378460638169247e-02
5.855378460638178267e-02
5.855378460638172022e-02
5.855378460638169247e-02
5.855378460638172022e-02
5.855378460638173410e-02
5.855378460638174104e-02
5.855378460638160226e-02
5.855378460638163696e-02
5.855378460638162308e-02
5.855378460638173410e-02
5.855378460638162308e-02
5.855378460638169941e-02
5.855378460638160226e-02
5.855378460638160226e-02
5.855378460638154675e-02
5.855378460638160226e-02
5.855378460638167165e-02
5.855378460638170635e-02
5.855378460638167859e-02
5.855378460638172022e-02
5.855378460638160920e-02
5.855378460638162308e-02
5.855378460638160920e-02
5.855378460638173410e-02
5.855378460638172716e-02
5.855378460638171328e-02
5.855378460638166471e-02
5.855378460638164390e-02
5.855378460638175492e-02
5.855378460638164390e-02
5.855378460638169941e-02
5.855378460638173410e-02
5.855378460638174104e-02
5.855378460638163002e-02
5.855378460638167165e-02
5.855378460638172022e-02
5.855378460638170635e-02
5.855378460638166471e-02
5.855378460638174798e-02
5.855378460638166471e-02
5.855378460638162308e-02
5.855378460638154675e-02
5.855378460638156063e-02
5.855378460638172022e-02
9.420741746434689867e-01
9.420741746434690977e-01
9.420741746434686537e-01
9.420741746434689867e-01
9.420741746434685426e-01
9.420741746434690977e-01
9.420741746434684316e-01
9.420741746434686537e-01
9.420741746434688757e-01
9.420741746434693198e-01
9.420741746434685426e-01
9.420741746434688757e-01
9.420741746434689867e-01
9.420741746434689867e-01
9.420741746434688757e-01
9.420741746434687647e-01
9.420741746434686537e-01
9.420741746434693198e-01
9.420741746434689867e-01
9.420741746434687647e-01
9.420741746434688757e-01
9.420741746434683206e-01
9.420741746434687647e-01
9.420741746434688757e-01
9.420741746434686537e-01
9.420741746434689867e-01
9.420741746434689867e-01
9.420741746434692088e-01
9.420741746434687647e-01
9.420741746434689867e-01
9.420741746434687647e-01
9.420741746434686537e-01
9.420741746434689867e-01
9.420741746434687647e-01
9.420741746434687647e-01
9.420741746434693198e-01
9.420741746434688757e-01
9.420741746434685426e-01
9.420741746434688757e-01
9.420741746434683206e-01
9.420741746434688757e-01
9.420741746434685426e-01
9.420741746434686537e-01
9.420741746434685426e-01
9.420741746434687647e-01
9.420741746434690977e-01
9.420741746434690977e-01
9.420741746434686537e-01
9.420741746434685426e-01
9.420741746434688757e-01
9.420741746434684316e-01
9.420741746434689867e-01
9.420741746434687647e-01
9.420741746434685426e-01
9.420741746434689867e-01
9.420741746434688757e-01
9.420741746434688757e-01
9.420741746434689867e-01
9.420741746434683206e-01
9.420741746434686537e-01
9.420741746434689867e-01
9.420741746434686537e-01
9.420741746434688757e-01
9.420741746434690977e-01
9.420741746434689867e-01
9.420741746434689867e-01
9.420741746434688757e-01
9.420741746434688757e-01
9.420741746434688757e-01
9.420741746434689867e-01
9.420741746434688757e-01
9.420741746434686537e-01
9.420741746434684316e-01
9.420741746434684316e-01
9.420741746434692088e-01
9.420741746434686537e-01
9.420741746434684316e-01
9.420741746434688757e-01
9.420741746434682096e-01
9.420741746434686537e-01
9.420741746434686537e-01
9.420741746434684316e-01
9.420741746434688757e-01
9.420741746434692088e-01
9.420741746434692088e-01
9.420741746434686537e-01
9.420741746434689867e-01
9.420741746434690977e-01
9.420741746434687647e-01
9.420741746434687647e-01
9.420741746434690977e-01
9.420741746434689867e-01
9.420741746434688757e-01
9.420741746434689867e-01
9.420741746434687647e-01
9.420741746434689867e-01
9.420741746434688757e-01
9.420741746434685426e-01
9.420741746434682096e-01
9.420741746434689867e-01
9.420741746434692088e-01
9.420741746434689867e-01
9.420741746434694308e-01
9.420741746434690977e-01
9.420741746434685426e-01
9.420741746434690977e-01
9.420741746434692088e-01
9.420741746434692088e-01
9.420741746434687647e-01
9.420741746434686537e-01
9.420741746434689867e-01
9.420741746434689867e-01
9.420741746434689867e-01
9.420741746434686537e-01
9.420741746434690977e-01
9.420741746434686537e-01
9.420741746434687647e-01
9.420741746434689867e-01
9.420741746434690977e-01
9.420741746434690977e-01
5.797903203716774784e-02
5.797903203716767845e-02
5.797903203716775478e-02
5.797903203716776865e-02
5.797903203716767151e-02
5.797903203716777559e-02
5.797903203716765763e-02
5.797903203716772008e-02
5.797903203716785886e-02
5.797903203716778253e-02
5.797903203716780335e-02
5.797903203716774784e-02
5.797903203716771314e-02
5.797903203716785192e-02
5.797903203716773396e-02
5.797903203716774090e-02
5.797903203716785192e-02
5.797903203716781723e-02
5.797903203716784498e-02
5.797903203716783110e-02
5.797903203716785192e-02
5.797903203716778253e-02
5.797903203716772008e-02
5.797903203716774784e-02
5.797903203716788662e-02
5.797903203716785192e-02
5.797903203716776172e-02
5.797903203716773396e-02
5.797903203716781723e-02
5.797903203716776172e-02
5.797903203716773396e-02
5.797903203716774090e-02
5.797903203716776172e-02
5.797903203716767845e-02
5.797903203716778253e-02
5.797903203716782417e-02
5.797903203716777559e-02
5.797903203716780335e-02
5.797903203716785886e-02
5.797903203716781029e-02
5.797903203716774784e-02
5.797903203716777559e-02
5.797903203716780335e-02
5.797903203716776172e-02
5.797903203716767151e-02
5.797903203716780335e-02
5.797903203716774090e-02
5.797903203716773396e-02
5.797903203716777559e-02
5.797903203716783804e-02
5.797903203716779641e-02
5.797903203716784498e-02
5.797903203716779641e-02
5.797903203716776865e-02
5.797903203716781029e-02
5.797903203716778253e-02
5.797903203716788662e-02
5.797903203716785886e-02
5.797903203716780335e-02
5.797903203716787968e-02
5.797903203716781029e-02
5.797903203716779641e-02
5.797903203716777559e-02
5.797903203716769233e-02
5.797903203716789355e-02
5.797903203716774784e-02
5.797903203716770620e-02
5.797903203716772008e-02
5.797903203716774090e-02
5.797903203716779641e-02
5.797903203716785886e-02
5.797903203716783804e-02
5.797903203716788662e-02
5.797903203716778253e-02
5.797903203716791437e-02
5.797903203716778253e-02
5.797903203716776865e-02
5.797903203716778253e-02
5.797903203716767151e-02
5.797903203716790049e-02
5.797903203716769927e-02
5.797903203716783804e-02
5.797903203716776172e-02
5.797903203716781029e-02
5.797903203716782417e-02
5.797903203716779641e-02
5.797903203716783804e-02
5.797903203716778253e-02
5.797903203716768539e-02
5.797903203716772702e-02
5.797903203716768539e-02
5.797903203716773396e-02
5.797903203716780335e-02
5.797903203716772008e-02
5.797903203716780335e-02
5.797903203716787968e-02
5.797903203716765069e-02
5.797903203716787274e-02
5.797903203716767845e-02
5.797903203716783110e-02
5.797903203716774090e-02
5.797903203716787274e-02
5.797903203716783804e-02
5.797903203716783110e-02
5.797903203716778947e-02
5.797903203716770620e-02
5.797903203716781723e-02
5.797903203716778253e-02
5.797903203716782417e-02
5.797903203716783804e-02
5.797903203716775478e-02
5.797903203716790743e-02
5.797903203716790049e-02
5.797903203716772702e-02
5.797903203716778253e-02
5.797903203716778947e-02
5.797903203716771314e-02
5.797903203716772702e-02
5.797903203716784498e-02
5.797903203716779641e-02
9.420209679628341881e-01
9.420209679628340771e-01
9.420209679628339661e-01
9.420209679628338550e-01
9.420209679628340771e-01
9.420209679628339661e-01
9.420209679628341881e-01
9.420209679628340771e-01
9.420209679628339661e-01
9.420209679628341881e-01
9.420209679628339661e-01
9.420209679628339661e-01
9.420209679628342991e-01
9.420209679628339661e-01
9.420209679628339661e-01
9.420209679628338550e-01
9.420209679628337440e-01
9.420209679628341881e-01
9.420209679628340771e-01
9.420209679628340771e-01
9.420209679628341881e-01
9.420209679628339661e-01
9.420209679628340771e-01
9.420209679628339661e-01
9.420209679628338550e-01
9.420209679628337440e-01
9.420209679628336330e-01
9.420209679628339661e-01
9.420209679628341881e-01
9.420209679628340771e-01
9.420209679628341881e-01
9.420209679628340771e-01
9.420209679628335220e-01
9.420209679628337440e-01
9.420209679628339661e-01
9.420209679628338550e-01
9.420209679628345212e-01
9.420209679628341881e-01
9.420209679628341881e-01
9.420209679628340771e-01
9.420209679628336330e-01
9.420209679628339661e-01
9.420209679628338550e-01
9.420209679628339661e-01
9.420209679628341881e-01
9.420209679628339661e-01
9.420209679628342991e-01
9.420209679628339661e-01
9.420209679628341881e-01
9.420209679628338550e-01
9.420209679628339661e-01
9.420209679628339661e-01
9.420209679628342991e-01
9.420209679628338550e-01
9.420209679628340771e-01
9.420209679628339661e-01
9.420209679628344102e-01
9.420209679628338550e-01
9.420209679628339661e-01
9.420209679628339661e-01
9.420209679628342991e-01
9.420209679628339661e-01
9.420209679628341881e-01
9.420209679628341881e-01
9.420209679628339661e-01
9.420209679628345212e-01
9.420209679628339661e-01
9.420209679628341881e-01
9.420209679628340771e-01
9.420209679628339661e-01
9.420209679628337440e-01
9.420209679628336330e-01
9.420209679628341881e-01
9.420209679628338550e-01
9.420209679628341881e-01
9.420209679628339661e-01
9.420209679628340771e-01
9.420209679628337440e-01
9.420209679628338550e-01
9.420209679628340771e-01
9.420209679628336330e-01
9.420209679628340771e-01
9.420209679628340771e-01
9.420209679628339661e-01
9.420209679628339661e-01
9.420209679628338550e-01
9.420209679628338550e-01
9.420209679628339661e-01
9.420209679628340771e-01
9.420209679628341881e-01
9.420209679628338550e-01
9.420209679628341881e-01
9.420209679628337440e-01
9.420209679628341881e-01
9.420209679628339661e-01
9.420209679628336330e-01
9.420209679628339661e-01
9.420209679628338550e-01
9.420209679628339661e-01
9.420209679628339661e-01
9.420209679628340771e-01
9.420209679628340771e-01
9.420209679628341881e-01
9.420209679628342991e-01
9.420209679628335220e-01
9.420209679628338550e-01
9.420209679628341881e-01
9.420209679628339661e-01
9.420209679628344102e-01
9.420209679628340771e-01
9.420209679628339661e-01
9.420209679628340771e-01
9.420209679628340771e-01
9.420209679628344102e-01
9.420209679628338550e-01
9.420209679628339661e-01
9.420209679628341881e-01
9.420209679628341881e-01
9.420209679628340771e-01
9.420209679628339661e-01
5.792582535653299780e-02
5.792582535653299086e-02
5.792582535653296311e-02
5.792582535653297005e-02
5.792582535653290066e-02
5.792582535653299086e-02
5.792582535653308801e-02
5.792582535653306025e-02
5.792582535653300474e-02
5.792582535653301862e-02
5.792582535653303943e-02
5.792582535653293535e-02
5.792582535653292147e-02
5.792582535653301862e-02
5.792582535653306719e-02
5.792582535653298392e-02
5.792582535653301862e-02
5.792582535653294923e-02
5.792582535653309495e-02
5.792582535653296311e-02
5.792582535653301862e-02
5.792582535653296311e-02
5.792582535653292147e-02
5.792582535653292147e-02
5.792582535653299780e-02
5.792582535653300474e-02
5.792582535653301862e-02
5.792582535653299086e-02
5.792582535653298392e-02
5.792582535653300474e-02
5.792582535653297698e-02
5.792582535653294923e-02
5.792582535653299780e-02
5.792582535653301168e-02
5.792582535653299086e-02
5.792582535653300474e-02
5.792582535653303250e-02
5.792582535653290760e-02
5.792582535653295617e-02
5.792582535653296311e-02
5.792582535653299780e-02
5.792582535653297698e-02
5.792582535653302556e-02
5.792582535653296311e-02
5.792582535653287290e-02
5.792582535653287290e-02
5.792582535653303943e-02
5.792582535653300474e-02
5.792582535653293535e-02
5.792582535653300474e-02
5.792582535653292147e-02
5.792582535653300474e-02
5.792582535653289372e-02
5.792582535653301168e-02
5.792582535653308107e-02
5.792582535653315740e-02
5.792582535653299086e-02
5.792582535653304637e-02
5.792582535653297005e-02
5.792582535653297698e-02
5.792582535653299086e-02
5.792582535653303943e-02
5.792582535653300474e-02
5.792582535653299780e-02
5.792582535653291453e-02
5.792582535653296311e-02
5.792582535653297698e-02
5.792582535653297698e-02
5.792582535653299086e-02
5.792582535653292841e-02
5.792582535653292147e-02
5.792582535653298392e-02
5.792582535653294229e-02
5.792582535653292147e-02
5.792582535653303943e-02
5.792582535653294923e-02
5.792582535653286596e-02
5.792582535653298392e-02
5.792582535653312964e-02
5.792582535653299780e-02
5.792582535653287984e-02
5.792582535653297698e-02
5.792582535653293535e-02
5.792582535653299780e-02
5.792582535653293535e-02
5.792582535653304637e-02
5.792582535653302556e-02
5.792582535653292147e-02
5.792582535653290760e-02
5.792582535653295617e-02
5.792582535653294229e-02
5.792582535653297698e-02
5.792582535653294229e-02
5.792582535653301168e-02
5.792582535653292841e-02
5.792582535653309495e-02
5.792582535653300474e-02
5.792582535653294923e-02
5.792582535653292841e-02
5.792582535653296311e-02
5.792582535653301862e-02
5.792582535653303250e-02
5.792582535653293535e-02
5.792582535653301862e-02
5.792582535653298392e-02
5.792582535653299086e-02
5.792582535653302556e-02
5.792582535653305331e-02
5.792582535653306025e-02
5.792582535653288678e-02
5.792582535653297698e-02
5.792582535653293535e-02
5.792582535653297698e-02
5.792582535653302556e-02
5.792582535653302556e-02
5.792582535653290760e-02
5.792582535653297698e-02
5.792582535653291453e-02
5.792582535653284515e-02
5.792582535653294229e-02
9.414462153936200561e-01
9.414462153936196120e-01
9.414462153936199451e-01
9.414462153936198341e-01
9.414462153936202782e-01
9.414462153936198341e-01
9.414462153936201672e-01
9.414462153936201672e-01
9.414462153936201672e-01
9.414462153936200561e-01
9.414462153936200561e-01
9.414462153936200561e-01
9.414462153936199451e-01
9.414462153936199451e-01
9.414462153936200561e-01
9.414462153936200561e-01
9.414462153936200561e-01
9.414462153936200561e-01
9.414462153936202782e-01
9.414462153936199451e-01
9.414462153936200561e-01
9.414462153936202782e-01
9.414462153936202782e-01
9.414462153936200561e-01
9.414462153936199451e-01
9.414462153936200561e-01
9.414462153936202782e-01
9.414462153936203892e-01
9.414462153936200561e-01
9.414462153936199451e-01
9.414462153936199451e-01
9.414462153936199451e-01
9.414462153936198341e-01
9.414462153936200561e-01
9.414462153936200561e-01
9.414462153936201672e-01
9.414462153936199451e-01
9.414462153936200561e-01
9.414462153936200561e-01
9.414462153936200561e-01
9.414462153936197231e-01
9.414462153936200561e-01
9.414462153936201672e-01
9.414462153936200561e-01
9.414462153936202782e-01
9.414462153936199451e-01
9.414462153936202782e-01
9.414462153936201672e-01
9.414462153936205002e-01
9.414462153936196120e-01
9.414462153936201672e-01
9.414462153936198341e-01
9.414462153936200561e-01
9.414462153936200561e-01
9.414462153936200561e-01
9.414462153936198341e-01
9.414462153936202782e-01
9.414462153936203892e-01
9.414462153936202782e-01
9.414462153936199451e-01
9.414462153936197231e-01
9.414462153936202782e-01
9.414462153936202782e-01
9.414462153936201672e-01
9.414462153936200561e-01
9.414462153936201672e-01
9.414462153936199451e-01
9.414462153936201672e-01
9.414462153936199451e-01
9.414462153936199451e-01
9.414462153936198341e-01
9.414462153936202782e-01
9.414462153936200561e-01
9.414462153936202782e-01
9.414462153936199451e-01
9.414462153936200561e-01
9.414462153936200561e-01
9.414462153936199451e-01
9.414462153936200561e-01
9.414462153936198341e-01
9.414462153936201672e-01
9.414462153936201672e-01
9.414462153936199451e-01
9.414462153936199451e-01
9.414462153936201672e-01
9.414462153936200561e-01
9.414462153936200561e-01
9.414462153936198341e-01
9.414462153936199451e-01
9.414462153936200561e-01
9.414462153936200561e-01
9.414462153936198341e-01
9.414462153936201672e-01
9.414462153936199451e-01
9.414462153936200561e-01
9.414462153936199451e-01
9.414462153936200561e-01
9.414462153936202782e-01
9.414462153936198341e-01
9.414462153936201672e-01
9.414462153936199451e-01
9.414462153936200561e-01
9.414462153936200561e-01
9.414462153936201672e-01
9.414462153936198341e-01
9.414462153936200561e-01
9.414462153936198341e-01
9.414462153936199451e-01
9.414462153936200561e-01
9.414462153936200561e-01
9.414462153936201672e-01
9.414462153936202782e-01
9.414462153936202782e-01
9.414462153936202782e-01
9.414462153936198341e-01
9.414462153936201672e-01
9.414462153936199451e-01
9.414462153936201672e-01
9.414462153936198341e-01
9.414462153936202782e-01
3.928259927919549449e-02
3.928259927919541816e-02
3.928259927919539735e-02
3.928259927919545286e-02
3.928259927919548061e-02
3.928259927919552918e-02
3.928259927919545286e-02
3.928259927919551531e-02
3.928259927919546673e-02
3.928259927919545286e-02
3.928259927919545980e-02
3.928259927919543898e-02
3.928259927919546673e-02
3.928259927919541816e-02
3.928259927919550837e-02
3.928259927919550837e-02
3.928259927919542510e-02
3.928259927919553612e-02
3.928259927919546673e-02
3.928259927919548755e-02
3.928259927919549449e-02
3.928259927919544592e-02
3.928259927919540428e-02
3.928259927919555000e-02
3.928259927919547367e-02
3.928259927919549449e-02
3.928259927919547367e-02
3.928259927919550837e-02
3.928259927919546673e-02
3.928259927919537653e-02
3.928259927919547367e-02
3.928259927919549449e-02
3.928259927919543898e-02
3.928259927919545980e-02
3.928259927919555000e-02
3.928259927919547367e-02
3.928259927919551531e-02
3.928259927919552225e-02
3.928259927919548755e-02
3.928259927919555694e-02
3.928259927919548061e-02
3.928259927919552225e-02
3.928259927919541816e-02
3.928259927919551531e-02
3.928259927919561245e-02
3.928259927919547367e-02
3.928259927919553612e-02
3.928259927919543204e-02
3.928259927919548061e-02
3.928259927919539041e-02
3.928259927919545980e-02
3.928259927919543898e-02
3.928259927919545980e-02
3.928259927919550143e-02
3.928259927919542510e-02
3.928259927919548061e-02
3.928259927919551531e-02
3.928259927919555000e-02
3.928259927919554306e-02
3.928259927919554306e-02
3.928259927919552225e-02
3.928259927919545980e-02
3.928259927919549449e-02
3.928259927919548755e-02
3.928259927919549449e-02
3.928259927919549449e-02
3.928259927919550143e-02
3.928259927919557082e-02
3.928259927919545286e-02
3.928259927919550143e-02
3.928259927919546673e-02
3.928259927919546673e-02
3.928259927919555000e-02
3.928259927919543898e-02
3.928259927919555694e-02
3.928259927919555000e-02
3.928259927919548061e-02
3.928259927919550143e-02
3.928259927919547367e-02
3.928259927919552918e-02
3.928259927919546673e-02
3.928259927919548061e-02
3.928259927919545286e-02
3.928259927919555000e-02
3.928259927919548061e-02
3.928259927919536265e-02
3.928259927919547367e-02
3.928259927919552225e-02
3.928259927919545980e-02
3.928259927919550837e-02
3.928259927919551531e-02
3.928259927919537653e-02
3.928259927919548755e-02
3.928259927919547367e-02
3.928259927919555000e-02
3.928259927919547367e-02
3.928259927919546673e-02
3.928259927919544592e-02
3.928259927919547367e-02
3.928259927919550837e-02
3.928259927919557776e-02
3.928259927919545980e-02
3.928259927919548061e-02
3.928259927919552918e-02
3.928259927919544592e-02
3.928259927919541122e-02
3.928259927919545980e-02
3.928259927919546673e-02
3.928259927919544592e-02
3.928259927919553612e-02
3.928259927919546673e-02
3.928259927919557082e-02
3.928259927919556388e-02
3.928259927919543898e-02
3.928259927919553612e-02
3.928259927919554306e-02
3.928259927919548755e-02
3.928259927919550837e-02
3.928259927919542510e-02
3.928259927919536265e-02
