9.474072717112523856e-01
9.473230878391999399e-01
9.450886144179180270e-01
9.324946820977247919e-01
9.694190421816795133e-01
6.519442387065592370e-02
5.245962749889404586e-02
5.278155577325060327e-02
5.278623675306021862e-02
5.278587961845647436e-02
5.278592783685748246e-02
5.278922530236306726e-02
5.298272002611446180e-02
3.105345155310737168e-02
9.440039131670229233e-01
9.471987194611013461e-01
9.472135191580848268e-01
9.472117025263092627e-01
9.470352655496443450e-01
9.458500264546784164e-01
9.460127263017845678e-01
9.471888278932674154e-01
9.462793103882692902e-01
9.463340402648702243e-01
9.472535424672954285e-01
9.473803130697210362e-01
9.425691985896438307e-01
9.473325212257713845e-01
9.503559842261934953e-01
9.445879715876208671e-01
3.206776687232634065e-02
5.350997767314950859e-02
5.608706845918789985e-02
5.607772644920552135e-02
5.274588762347442311e-02
5.576186125617929590e-02
5.341224115902405700e-02
5.279125838945804977e-02
5.259667654477998694e-02
5.820658621388805770e-02
5.258189990570000250e-02
5.277680269023177911e-02
5.255751433124629390e-02
5.940267890381138033e-02
5.255773301036264361e-02
5.278306099834823018e-02
5.278577311972267039e-02
5.277219368712546960e-02
5.253254061361801314e-02
5.254160368968797956e-02
5.278360292701771150e-02
5.285793677364378218e-02
5.281602083180260421e-02
5.285371102578004243e-02
5.250423781201776080e-02
6.126959176609399205e-02
5.224515419588677406e-02
5.263720719651803631e-02
5.602551117292237093e-02
4.127677287612869367e-02
9.300920851623577512e-01
9.427489151736111461e-01
9.471456726819202920e-01
9.472120075979385545e-01
9.472134411134411902e-01
9.472070474790740269e-01
9.470694834938641060e-01
9.471171404966720608e-01
9.472417124768418573e-01
9.439511183998010591e-01
2.988427063359010150e-02
5.303464609469708130e-02
5.293281734367007857e-02
5.576695757103449641e-02
5.436070753157449392e-02
5.303014517006540002e-02
5.368774285667420043e-02
5.288020885803564053e-02
5.275330801732031061e-02
5.406721070387866118e-02
5.273764144240537799e-02
5.278568332137840297e-02
5.279079098200583492e-02
5.321573491556719909e-02
5.441845798782275062e-02
9.626651147884104365e-01
9.421163551716911222e-01
9.458908856717052061e-01
9.454771873941594240e-01
9.471230608996484834e-01
9.471295903765692970e-01
9.471278387495252193e-01
9.471284084439975937e-01
9.471418372458804136e-01
9.473265769254626267e-01
9.473333994166561745e-01
9.471923961015744631e-01
9.471261325286403077e-01
9.472036938236546577e-01
9.473510198981733854e-01
9.431667738736960738e-01
9.473341807471079568e-01
9.471170223749346695e-01
9.471890748215132660e-01
9.472123093830602247e-01
9.472114821817519958e-01
9.472115072520536083e-01
9.472133797308703862e-01
9.472135153647828210e-01
9.472129387979966175e-01
9.472120648125519349e-01
9.471817053997447777e-01
9.702306987568718455e-01
5.784025558623508839e-02
5.921729580715858615e-02
5.759311018474796290e-02
5.606469128567712068e-02
9.658680104299319780e-01
9.445257452377807672e-01
9.415543269470179055e-01
7.861891161695429286e-02
8.017259838576830389e-02
9.299463269408353439e-02
8.581760436223249966e-02
9.367527795957877323e-01
9.169396139456014172e-01
9.214264277200916453e-01
9.214733905674070691e-01
9.214734705651818070e-01
9.214720439216323999e-01
9.214735852280608874e-01
9.214773233126170027e-01
9.176277815214132216e-01
6.171766571652544803e-02
7.864110869954928085e-02
7.852867382650717543e-02
7.852588047096829837e-02
7.851314563166844618e-02
7.898913408937685565e-02
8.244620329897672795e-02
7.846441392075230448e-02
7.840050280381129222e-02
7.752792420093738979e-02
7.914719487276201948e-02
7.856653244618802545e-02
8.046394928474097374e-02
8.034428349269687186e-02
7.860100990950041888e-02
6.749534811345767049e-02
6.870301869653423765e-02
9.132684968025647221e-01
9.216569068283351207e-01
9.107614901505204363e-01
9.216638985005289886e-01
9.206090657645813469e-01
9.181705413265695004e-01
9.215139203512159316e-01
9.214557227464275080e-01
9.191962657113658119e-01
9.191690104014844653e-01
9.214213924947523005e-01
9.214436986840270905e-01
9.186873505946928642e-01
9.186873894964167064e-01
9.214453584358852645e-01
9.214735173796995138e-01
9.214691794462668284e-01
9.213290970307637107e-01
9.178091209248869786e-01
9.213413030403709847e-01
9.214585513646300630e-01
9.213553416709917565e-01
9.213550823136837931e-01
9.214217123892911587e-01
9.178111638072261602e-01
9.177003516483399626e-01
9.175202532888098172e-01
9.216347221225645869e-01
9.009926196109949714e-01
6.492941037011375205e-02
9.796657659395825724e-02
7.812648800556797057e-02
7.851498042936627675e-02
7.852573960735506620e-02
7.852471379665082463e-02
7.847240117179223040e-02
7.695212400965047161e-02
7.910710418883153128e-02
7.855545978167463583e-02
5.743193423183870494e-02
9.169198206825869280e-01
9.215499455076703317e-01
9.186008399303379202e-01
9.405308364995091930e-01
9.492539495801191052e-01
9.153906768607621425e-01
9.215427385814565220e-01
9.215812038786699301e-01
9.209315119449866804e-01
9.209400737416937321e-01
9.214680005781461514e-01
9.214742630877258422e-01
9.215012648808486029e-01
9.198522978729961608e-01
9.458793031702676934e-01
6.892814338695277265e-02
5.196966674810105796e-02
5.646608111969491500e-02
8.155685296721913724e-02
7.862633370600062566e-02
7.851986452515546944e-02
7.851788344133535380e-02
7.852331015126626235e-02
7.865134965909911791e-02
8.160875404743937744e-02
7.851961620107339446e-02
7.854461067049808842e-02
7.854517058096989468e-02
7.854115955526831672e-02
8.020543333402242736e-02
8.020832948616958558e-02
7.837364398659280029e-02
7.835616838752322566e-02
7.851827251221921156e-02
7.852385181892423960e-02
7.851832115138990265e-02
7.852401386374127656e-02
7.852563981954388539e-02
7.852561336351550347e-02
7.852095961371899357e-02
7.863175013900269850e-02
8.351350242909748312e-02
9.429792151160133473e-01
9.161072481793406386e-01
9.061641103025322996e-01
9.217386359000859786e-01
9.418019540710717008e-01
6.344251013665261341e-02
8.373289784535335734e-02
8.097330690320338198e-02
9.226276407635437549e-01
9.161514437586104620e-01
9.204408822704701620e-01
9.168355063078975631e-01
5.897987811375233341e-02
7.731925937995555442e-02
7.747675163161650558e-02
7.748550516215672868e-02
7.748059070841800677e-02
7.746569020303414876e-02
7.748084130897757438e-02
7.750217982763639435e-02
8.061971727071659544e-02
9.378401244841425566e-01
9.223890177425589920e-01
9.225111295973204006e-01
9.225139010996298294e-01
9.225082430333376715e-01
9.223282548769804468e-01
9.214270607212210473e-01
9.226433828791511527e-01
9.223745923031123617e-01
9.331363956480220878e-01
9.193778945703294792e-01
9.225024234311092197e-01
9.226639198672335063e-01
9.206927107933441379e-01
9.189008181961326738e-01
9.232931708452819519e-01
9.359614355080152492e-01
9.271858438486214882e-02
7.776821813172539455e-02
8.053077584462878247e-02
7.758464196134762236e-02
7.744406162436132113e-02
7.805578093047771393e-02
7.751638438935665176e-02
7.753531224930036714e-02
7.734877253302105404e-02
7.696803155407332120e-02
7.710851816191767460e-02
7.747300974566059817e-02
7.731022949045464332e-02
7.731029191980025306e-02
7.747742931123526022e-02
7.748544950845051571e-02
7.747507801898619040e-02
7.707907222667562119e-02
9.009293174713522978e-02
7.727782447449370318e-02
8.043598081785530152e-02
8.106029515064451518e-02
8.106010231183799486e-02
8.042704215208179575e-02
7.675181278093969051e-02
7.643592771861805468e-02
9.519871475216752643e-02
7.966127227919735099e-02
8.313635433387622786e-02
9.390071659489420686e-01
9.155969522852491771e-01
9.194945939175048766e-01
9.224880562286424945e-01
9.225138271577467686e-01
9.225126237187137868e-01
9.223832488651018124e-01
9.284387564545489857e-01
9.201032607022374687e-01
9.225208344830878593e-01
9.174791170246047178e-01
6.783700422280102005e-02
8.759172678181087468e-02
6.212934104009673608e-02
9.363615656484397531e-01
9.367167142045476069e-01
6.277780746132487211e-02
8.269901794022165020e-02
7.966301417408216956e-02
7.733860428759697925e-02
7.743232973991406864e-02
7.748138100283828711e-02
7.748590814309529173e-02
7.749898941936395058e-02
7.790887992846187715e-02
7.877516904500404815e-02
5.805343741077583636e-02
5.688838593578811331e-02
5.936647081047779356e-02
9.379331902440122271e-01
9.174746259864531295e-01
9.174393802400413467e-01
9.174415974216129088e-01
9.174709739632529448e-01
9.178644145473540128e-01
9.043618150562575675e-01
9.203047016290737403e-01
9.195816140262843552e-01
9.195919651807751283e-01
9.222894766295257618e-01
9.224806311814757187e-01
9.225924579031191675e-01
9.197072540754716030e-01
9.197026421689981079e-01
9.224906150097484936e-01
9.224901023271268041e-01
9.224192572862094375e-01
9.224900909718627418e-01
9.225111458751215077e-01
9.225114651501898910e-01
9.224564931557709402e-01
9.201958351603815034e-01
9.385801713362562637e-01
8.184382535558654137e-02
7.932224483769644008e-02
8.192089320665070507e-02
7.773948556605222993e-02
8.272978077246888329e-02
6.478755444368443361e-02
9.382355736561188708e-01
9.197428840988811638e-01
8.062314191460887014e-02
7.946015944723069935e-02
7.927237930064601201e-02
7.697215142525824783e-02
3.343187946095012297e-02
9.197128238838250258e-01
9.223494655379043117e-01
9.223892993353712821e-01
9.223878715846279830e-01
9.223426205971749781e-01
9.223425781604569496e-01
9.223859950602997237e-01
9.222933695121566799e-01
9.379038432022462901e-01
8.054186439700891653e-02
7.762273485367753023e-02
7.761043665614578146e-02
7.760974856221632134e-02
7.759643485940594110e-02
7.752817893986024833e-02
7.762500677826913997e-02
8.035590637579877182e-02
7.459775221939611567e-02
7.531285235514643961e-02
7.815438458417148238e-02
7.842743881584843257e-02
7.757093036719639456e-02
8.437786833937943598e-02
8.444155163911297446e-02
7.969575517167375167e-02
9.617050860782616617e-01
9.179618659563355543e-01
9.226663288135741325e-01
9.225664954671490836e-01
9.223889467708412671e-01
9.223803536509477263e-01
9.224075985716135850e-01
9.225019867230010995e-01
9.224841629244874275e-01
9.222810471292510748e-01
9.231362167803374152e-01
9.223479184309009149e-01
9.223668377661664586e-01
9.223000040850528602e-01
9.223674454307073667e-01
9.223887167712548907e-01
9.223873257838568485e-01
9.222568784458201607e-01
9.155659231395563147e-01
9.185419066463610394e-01
9.194083062391839034e-01
9.419631150316607471e-01
9.466625826451582348e-01
9.419770201780779395e-01
9.193965564829083004e-01
9.243853895297604595e-01
9.183534274462783475e-01
9.090370118237501851e-01
9.226297492021655611e-01
9.431382086073707427e-01
8.236848505499917705e-02
8.761483010863058141e-02
7.742729189171573823e-02
7.760809498801336803e-02
7.761005399596535015e-02
7.759583600680104720e-02
7.600590458514935865e-02
7.666172311685860719e-02
7.836932991525789871e-02
7.776614426437351846e-02
5.830177357200658911e-02
9.246614411007528789e-01
9.391121905884829424e-01
6.196296857554443871e-02
9.045169488623366894e-02
6.178529331519092005e-02
9.380810908385721625e-01
9.106307873733110458e-01
9.204692020105862404e-01
9.222761209653472791e-01
9.223511193198847824e-01
9.223868069304185235e-01
9.223906378594117772e-01
9.224110796577495996e-01
9.222541256734650972e-01
9.191749072680730492e-01
9.174188819056167121e-01
9.185963545106300421e-01
9.366692984878272066e-01
6.130768233375959164e-02
5.695292447777389189e-02
5.691544099539953133e-02
5.692570539901913723e-02
5.714335728031359751e-02
6.199028900963958477e-02
9.333066392052719040e-02
8.054148004509786851e-02
5.876987965196237007e-02
8.046062051881439081e-02
7.627465727499395387e-02
7.757825951186814173e-02
7.745102877511352013e-02
8.754272608982700821e-02
7.743885269372531577e-02
7.760059298421258245e-02
7.743081125418345423e-02
7.743064541478718310e-02
7.760043624000374785e-02
7.760194085880602055e-02
7.760312664767222979e-02
7.704818562023790784e-02
6.116916212650812951e-02
9.422760326033624567e-01
9.226997315913791908e-01
9.227440608974262215e-01
9.226431710919138496e-01
9.225206096022416924e-01
9.111503184931821764e-01
9.382136974351815706e-01
6.225337122236519749e-02
9.421864605985518226e-01
9.224945972751418255e-01
9.224834764681120181e-01
9.200851872310381596e-01
3.352503139263224297e-02
7.694238492581084721e-02
7.766085032556863110e-02
7.762466728577537001e-02
7.760560242194103342e-02
7.698579521951134930e-02
7.698584028380316135e-02
7.760757454374547781e-02
7.772388538298884153e-02
6.211721326940492643e-02
9.194619815669675678e-01
9.223778079836186805e-01
9.223895620881404911e-01
9.223895830673988216e-01
9.223877593116462936e-01
9.223813938777835064e-01
9.225488203523934949e-01
9.124783594324213931e-01
9.205428963002600939e-01
9.204923950413667066e-01
9.182872153232259915e-01
9.139976705219087227e-01
9.223694957513463022e-01
9.204133208213842732e-01
9.219855859745870186e-01
9.209744729818654108e-01
9.346982806320498494e-01
6.694288339038183266e-02
8.440342921615891225e-02
7.766046613109842123e-02
7.760344681010393486e-02
7.743218183691330525e-02
7.744839137285568220e-02
7.936001212478341338e-02
7.936518650976076561e-02
7.757422055789210680e-02
7.895413844454363117e-02
7.756587826007776965e-02
7.760775565167570000e-02
7.760271835134599505e-02
7.760836030701218080e-02
7.761004002107350919e-02
7.760787181148408320e-02
7.740465226378420716e-02
8.895650951631813019e-02
7.745441957043877612e-02
5.811817817717064572e-02
9.386554318836730637e-01
9.429749138658696239e-01
9.387414981501176481e-01
6.206457739128243278e-02
7.989214615372557116e-02
7.745170017767301351e-02
7.968447073840503880e-02
7.776947239077743046e-02
8.227034551868239731e-02
9.419613743284662721e-01
9.194639798962193078e-01
9.222939209259527482e-01
9.223877332309475818e-01
9.223893639561059343e-01
9.223793970984670576e-01
9.222409140796881122e-01
9.223121484460479191e-01
9.240761064638910449e-01
9.239561030566528776e-01
9.194436498810820702e-01
9.406200148698434793e-01
9.411902813215499153e-01
9.193899659353170772e-01
9.201609337586532655e-01
9.193121633900792622e-01
9.376971987840079237e-01
6.053172322337171951e-02
8.466548091268105702e-02
7.724675571750538872e-02
7.737052506272183716e-02
7.759952771444250663e-02
7.761025686628666986e-02
7.761347285505780513e-02
7.760785943978004697e-02
7.759696898731202608e-02
7.761873419531792329e-02
7.782566546748716230e-02
8.164012172168849668e-02
5.790096426958973863e-02
5.693353932499004011e-02
5.691575353047662045e-02
5.696981422228458020e-02
6.107212840448935504e-02
6.821053992291423174e-02
9.350980553791633509e-01
9.377879752252584744e-01
6.549287492299693536e-02
9.376909998041041971e-01
9.243616164634566035e-01
9.215252267409100861e-01
9.222939968334377125e-01
9.195810940315384263e-01
9.222998058434719315e-01
9.223641500847193919e-01
9.194206819913930406e-01
9.194197185337774636e-01
9.223416617251687377e-01
9.222912511903321731e-01
9.223621261108958524e-01
9.200577342739135744e-01
3.506321871645295962e-02
8.064283934895763450e-02
7.779228647995453660e-02
7.770653690442361206e-02
7.765729724269843093e-02
7.769655431667299439e-02
7.996890657569523386e-02
8.095736931114207169e-02
6.247504744998513132e-02
8.260365850437109692e-02
7.763374161860722711e-02
7.761268594522292841e-02
6.103777804887131064e-02
9.166998813405958790e-01
9.225504464866522980e-01
9.226328600967287352e-01
9.225192523778886766e-01
9.224672290695730137e-01
9.247751140089175426e-01
9.224670127160912170e-01
9.225047907587724527e-01
9.196047549620336437e-01
6.215591955424433490e-02
7.760870661946789317e-02
7.748873423530931726e-02
7.748594785248805183e-02
7.748572702964527659e-02
7.748484734185472067e-02
7.750468072544321185e-02
8.025632888776411400e-02
7.993253622612744858e-02
8.289819027211396685e-02
7.713695866093692177e-02
9.369947678262779966e-02
7.828141375180196204e-02
7.736635113575139611e-02
7.737021017933490286e-02
7.170399342916251861e-02
9.279641041710645633e-02
6.219672336386467687e-02
9.274219102645022694e-01
9.193872054753353673e-01
9.224159512352627655e-01
9.224135206732625436e-01
9.195201586126400262e-01
9.225283192176324532e-01
9.162759303156386981e-01
9.226207272291370165e-01
9.220156818467043491e-01
9.220157923917084997e-01
9.225089324060364859e-01
9.225122179075606610e-01
9.225122757471571067e-01
9.225139094502027293e-01
9.225138328414875799e-01
9.224865946749634116e-01
9.191824251003041235e-01
9.190173381394425300e-01
9.163864413167490675e-01
6.110091672204279178e-02
8.225181782405914521e-02
8.226638166413652309e-02
6.202044298961201241e-02
9.378238099272033779e-01
9.193687737456686104e-01
9.224272938600138749e-01
9.226238427551991528e-01
9.223857194444708973e-01
9.386806597997960910e-01
8.027448682867351082e-02
7.731785570419992537e-02
7.747813047637802653e-02
7.748564909149943669e-02
7.748330377988213447e-02
7.742904257038156490e-02
7.739723309309733124e-02
7.762563453693206716e-02
7.145015468124819857e-02
7.762829663284372128e-02
8.065060631739172370e-02
8.580507028127962177e-02
8.039441663870097732e-02
7.746600611843669493e-02
7.738536439757576213e-02
8.038130124852681246e-02
6.126929448870671591e-02
9.156722012080349415e-01
9.203347969416598717e-01
9.183190639164788838e-01
9.223760802690939009e-01
9.225110298146005361e-01
9.225141712120693560e-01
9.225124441531337149e-01
9.224961646604334931e-01
9.224258966875674703e-01
9.224451957384189882e-01
9.225158257478441870e-01
9.196112673146957794e-01
9.174908784388673411e-01
9.174409398941424376e-01
9.174455036255615425e-01
9.177093950579329196e-01
9.044932442167482600e-01
9.318789363552124616e-01
6.542209327823007847e-02
9.379940098706478491e-01
9.379923699197278975e-01
6.036412353010729703e-02
8.189371526542625623e-02
7.750947368516272751e-02
7.731543767181431326e-02
7.731456296348149237e-02
7.747655712347836787e-02
7.730683868481309784e-02
8.793967514621076065e-02
7.729778181939968296e-02
7.729403724150891997e-02
7.729816556408472539e-02
7.758923326719148472e-02
6.111827150093982614e-02
9.160181641461215829e-01
9.226297311719517946e-01
9.227112163232976672e-01
9.226006130298031183e-01
9.225254921626551141e-01
9.226577069966273026e-01
9.228963869428381539e-01
9.219373926914995465e-01
9.390970605117703318e-01
9.425967149199059314e-01
9.214731875999351285e-01
9.213640859392511206e-01
9.378798041057577750e-01
8.152462781655032964e-02
8.034146914812009821e-02
8.033631845065528077e-02
7.854436962356568797e-02
7.850542124982780312e-02
7.790673990918912939e-02
7.850532858293700345e-02
7.853951316553386963e-02
8.149578658068767911e-02
9.383039230967704647e-01
9.213618005756651907e-01
9.214714860223991444e-01
9.214739441227152161e-01
9.214739660210496952e-01
9.214740387381206155e-01
9.214806352348341445e-01
9.216033739934860192e-01
9.178273329129468250e-01
9.161913798604233161e-01
9.212481773847935873e-01
9.173812749953843548e-01
9.214012248585323750e-01
9.214585104860000264e-01
9.214966599347655940e-01
9.232283384011181759e-01
9.176982605419944372e-01
9.178062482767492813e-01
9.362347023283152936e-01
5.918226452743775151e-02
7.851911473649231255e-02
7.832845538113422657e-02
8.920350519775267772e-02
7.838594308283207412e-02
8.026540445405289104e-02
7.858206105122471363e-02
7.849158448445128777e-02
7.849040617797284347e-02
7.852432307059442618e-02
7.852578463452912494e-02
7.852582935010402054e-02
7.852597382373210921e-02
7.852577249257726433e-02
7.851711387299480094e-02
7.833054952717835584e-02
7.833488167864534335e-02
5.768448647192576245e-02
9.164729755421074930e-01
9.174590768578412270e-01
9.174575138931664320e-01
9.185437754307135272e-01
9.367185244806118805e-01
5.835918615567336348e-02
7.854775904519994967e-02
7.854618008089081505e-02
7.863641954634102704e-02
6.178183028149793893e-02
9.184875258630128547e-01
9.214382334425206267e-01
9.214719995668598784e-01
9.214738323254927366e-01
9.214674346136672023e-01
9.208671176356929555e-01
9.208649707593371536e-01
9.215233617626308327e-01
9.231082323280059843e-01
9.215180181594668785e-01
9.214504735090554011e-01
9.206763277831160330e-01
9.214362189285427718e-01
9.214332312608779496e-01
9.201916810628163468e-01
9.200762005706930591e-01
9.164191594215996828e-01
5.729359815126668087e-02
7.814666982081454327e-02
9.331134635773637165e-02
7.826523355232491153e-02
7.852229315347908356e-02
7.852598257702161910e-02
7.852604401656040900e-02
7.852634071384902159e-02
7.852645180081262166e-02
7.853031877095793811e-02
7.854883646721814994e-02
7.854274181834870749e-02
7.852800631793710462e-02
7.851794237204037796e-02
7.852091858911731947e-02
7.864507848682793234e-02
8.206675674788303787e-02
8.385852091995157909e-02
5.994072344504004779e-02
8.154114522631360218e-02
8.156183634217240019e-02
6.320481390079851769e-02
9.405855013792528974e-01
9.214242230030359471e-01
9.214499921251591008e-01
9.214516299937819399e-01
9.214699382627083990e-01
9.213763977569880970e-01
9.185306078848263223e-01
9.213452737517962010e-01
9.184184595401396756e-01
9.184184087042212008e-01
9.213339678141974076e-01
9.379046998902430543e-01
8.153139757953120625e-02
8.038529451790005220e-02
8.131466627733140162e-02
7.953446303508726611e-02
7.853913052733479949e-02
7.859794268560219010e-02
8.366804869815466783e-02
7.462632843135234839e-02
8.375150484658690220e-02
9.702598975377126900e-01
5.605760786954332164e-02
5.281839425484746720e-02
5.598708088997798177e-02
9.691172102345682049e-01
9.474185615980396102e-01
9.428867122828733516e-01
9.473683798077325857e-01
9.472134258737172630e-01
9.471608330082840199e-01
9.471607897229938899e-01
9.472109603171932068e-01
9.472669144122596308e-01
9.692594901485026559e-01
5.599577075780742819e-02
5.280072506317583236e-02
5.278643610278633408e-02
5.278635816202506548e-02
5.278636177653504846e-02
5.278729898954978572e-02
5.280622643502876773e-02
5.258130253179105207e-02
6.150398304425969132e-02
5.235925505482976611e-02
5.251328257116962689e-02
5.255397340428309694e-02
5.278090677037898526e-02
5.278559249365101513e-02
5.294034140297753516e-02
5.177078704370773748e-02
5.425749459246029943e-02
5.581192132276314999e-02
3.445484799925167124e-02
9.437204225722040096e-01
9.471616360668614343e-01
9.439328015252843596e-01
9.439384311117788862e-01
9.473082392232563542e-01
9.473414003120166349e-01
9.472150452583545377e-01
9.471957647184927609e-01
9.472090374238124610e-01
9.472133956475687899e-01
9.472135676523675274e-01
9.472136182187230746e-01
9.472136143426524990e-01
9.472123376496338620e-01
9.471846704334162537e-01
9.470795525204487308e-01
9.439409740835404961e-01
2.978508652804587320e-02
5.251032189402492223e-02
6.211992407572283770e-02
5.258343889475937394e-02
5.568970632993960196e-02
3.415153852924691924e-02
9.440066692300075335e-01
9.472021494956407439e-01
9.471995849031153991e-01
9.440149056037169251e-01
3.075474371060406970e-02
5.272364265988912363e-02
5.278440202997737585e-02
5.278614089550480448e-02
5.278554973347060475e-02
5.273135754115769458e-02
5.424485793275378442e-02
5.273757819833464755e-02
5.293675475116887963e-02
5.293831603519574130e-02
5.280364912585960857e-02
5.282217663615669523e-02
5.281266102676665519e-02
5.279142686546903912e-02
5.267471971645369677e-02
5.580395298150719191e-02
5.273922291260318279e-02
2.979948321678855747e-02
9.438249902524193935e-01
9.426219805813824681e-01
9.426525404119746598e-01
9.471674532000176061e-01
9.472130887812059141e-01
9.472136265490195273e-01
9.472134557735862881e-01
9.472122673234718571e-01
9.472118617370712812e-01
9.472123972038192230e-01
9.472066516755400789e-01
9.471289332637203850e-01
9.471284678877874841e-01
9.471282523228834460e-01
9.471401298894248644e-01
9.473586345930112840e-01
9.474855100883379233e-01
9.444044585387360025e-01
9.442363012843193459e-01
9.470634162434680148e-01
9.442751074303297187e-01
9.657796757956125244e-01
5.588782429031471238e-02
5.279574361660341331e-02
5.277798049603941305e-02
5.278401178399068361e-02
5.277636569452895388e-02
5.258235774656583317e-02
5.257883327151226249e-02
5.252866392024027609e-02
6.002472433650637984e-02
5.255258189371874583e-02
5.598188652145801025e-02
9.691155693578629160e-01
9.474138206354589808e-01
9.429548481155173301e-01
9.450095632909190080e-01
9.473040850299042637e-01
9.472222904735165816e-01
9.476167312680767729e-01
9.391169381467434629e-01
9.498954562917008015e-01
