2.052484741014869718e-01
2.441864894915813100e-01
6.756311397997596391e-01
7.927044760343729957e-01
7.927646773953771486e-01
8.048750961580100061e-01
7.859174154322753347e-01
6.912572756196996293e-01
2.598934727889506968e-01
3.584211297021749343e-01
7.422244506853826751e-01
8.003635381162772511e-01
7.526776622501418768e-01
4.058418389974784157e-02
7.572343531631448021e-01
2.548918250118730744e-01
1.981639402562418717e-01
1.888949637387788427e-01
1.864084392914554522e-01
1.743242118577631727e-01
1.737167157177466614e-01
1.862222878127788583e-01
1.856262215684272854e-01
1.913847261176466752e-01
1.873101222897460560e-01
1.895279683600773757e-01
1.903182946473277459e-01
2.705823710190379816e-01
6.732972874939753272e-01
8.412851102293331662e-01
8.433904949340668145e-01
7.920439159658105854e-01
7.519113597141133809e-01
7.993773753460268194e-01
7.048558009723564499e-01
2.990634769993778530e-01
1.954378973456607216e-01
1.868321806127790641e-01
1.857388624223126894e-01
1.657802987608598955e-01
1.790277530412492657e-01
1.867899423434562778e-01
1.823760932888299213e-01
2.036476523413635054e-01
1.860503757433113747e-01
1.948129260704388743e-01
1.961084205558877858e-01
1.979159644216928193e-01
2.112127841626508518e-01
2.123045505602209337e-01
2.194979016735793542e-01
3.889268305144500393e-01
1.795693115672308826e-01
1.813015770545304828e-01
2.091802876648070630e-01
1.876227140029415597e-01
3.459177239573285600e-01
1.193227258918682643e-01
8.311143204030304599e-01
5.381267884922720235e-01
7.859124671033977938e-01
8.120545284836415689e-01
8.135656422917949548e-01
8.201337786090172610e-01
8.861841970205336372e-01
8.877567255714111649e-01
8.203679589175665310e-01
8.037478634032274583e-01
8.069409163337536439e-01
8.063039434837930841e-01
7.499830033777203919e-01
6.792753966447060421e-01
7.416789303327374627e-01
8.072610406642656278e-01
8.110797259008153404e-01
8.038260936939295442e-01
7.902978530533280033e-01
7.790456021049487756e-01
7.718443093769535857e-01
7.914149490162332157e-01
7.587620642694166140e-01
7.965941866031268637e-01
8.093935256232542841e-01
7.468834828838959439e-01
7.441965564365672359e-01
8.055216500622418563e-01
7.632275478775447652e-01
4.127459615254331360e-01
2.113994638965411010e-01
2.161112207260838525e-01
2.153889184222722575e-01
1.748805866231337436e-01
1.935977218273741418e-01
2.907893811770279058e-01
2.913918649280819451e-01
1.924572059110798983e-01
1.879238900100371201e-01
2.106705256333800957e-01
4.302145131812217249e-01
8.024530674326848523e-01
8.066023357849615438e-01
7.887203827040866200e-01
3.878320351590910930e-01
1.996372562770465930e-01
2.038814235000346309e-01
1.978361937804078707e-01
1.881715005468459212e-01
1.875718918515499045e-01
2.133243093946067537e-01
2.142087583931205075e-01
2.014180556686166190e-01
2.037149800940071531e-01
1.972590776104389265e-01
2.096382172045223036e-01
2.273825929828130477e-01
2.309647157143389917e-01
2.037389337394952260e-01
1.304039403401320851e-01
1.337915366769155678e-01
2.011988231166591812e-01
6.783794537390881452e-01
5.279530108983357950e-01
3.385958446039581959e-01
3.110616316269912418e-01
2.787953474266778309e-01
2.984372778377738511e-01
3.784670030962984932e-01
5.875959558323435861e-01
5.628464082936317503e-01
3.877552702833912956e-01
3.083562095835404304e-01
2.888665843199303418e-01
2.709200039351585820e-01
3.243115461472886318e-01
6.508910632410808139e-01
6.962470314673051552e-01
7.212923237927574283e-01
7.256581278112209654e-01
7.237207093064850216e-01
7.839618170937547870e-01
7.216008244396266980e-01
7.167090275384710996e-01
7.166894408920120307e-01
7.228443676568809817e-01
7.242798791604585507e-01
7.108746672024754965e-01
6.455267166178725313e-01
5.834350910740109253e-01
4.068536398207854843e-01
9.020816520315891873e-01
3.213263161769224219e-01
3.352914376330635160e-01
3.315585208785785110e-01
3.727287616133925785e-01
5.643119870538911842e-01
6.695619903596965461e-01
7.180101064794018884e-01
7.231280497206329372e-01
7.066218422789212195e-01
8.616318257741735209e-01
6.978201081282769946e-01
7.098490730990225650e-01
7.295052570150715177e-01
7.553168974080878284e-01
7.295121622541136386e-01
7.256424922637918495e-01
7.166121214006322404e-01
7.140983804540685931e-01
7.194385263164704281e-01
6.151068409737607823e-01
6.543670956553605533e-01
6.600697812929000596e-01
7.526306136385340073e-01
7.024859868479993441e-01
6.874134445712514196e-01
6.579314038025562139e-01
6.652823174609747703e-01
1.203199048005124810e-01
4.876185353174343762e-01
4.212217883812376940e-01
3.043809434064504993e-01
2.774428185682520365e-01
2.719327500754264992e-01
2.757070794245939371e-01
9.773098987653717762e-01
2.794366173129028685e-01
2.939508113380350229e-01
3.283431753315259050e-01
2.925429931899969360e-01
2.809947822635162629e-01
4.976557698078614145e-01
5.691956542056393342e-01
2.857080578785162195e-01
2.774328901022898863e-01
2.839784291150987960e-01
2.961570545601991400e-01
2.899325780058042978e-01
3.335899987574014736e-01
2.944008144931307136e-01
3.164222034315610776e-01
8.258423503992823322e-01
2.889867181077357960e-01
2.817124753308858365e-01
5.370134897058278511e-01
2.850883095117849320e-01
3.066339332289362840e-01
4.012591950524300177e-01
5.719912108444651366e-01
6.999004292584906084e-01
5.873877325095939739e-01
8.350801853689104881e-01
7.051330409482130523e-01
7.106316513293162718e-01
3.027941671851029914e-01
7.100628411022974484e-01
7.219407656366658710e-01
7.053885509291087930e-01
6.364037568903020414e-01
5.360641426505744489e-01
2.789774173136038704e-01
2.967350961079565641e-01
6.857230316213286381e-01
5.442178760600092646e-01
6.538795554894887285e-01
6.610935312039257772e-01
6.940705217908369473e-01
7.191181362989523818e-01
7.252141359581596447e-01
6.181138823418395045e-01
7.112488082962851177e-01
6.654788780466383002e-01
7.169073202544674617e-01
7.490188963255459687e-01
7.022909762863406291e-01
6.830326618963563634e-01
6.967369965399461407e-01
7.356656529448444282e-01
6.615526513709027445e-02
7.136849800115172560e-01
6.506495463502263155e-01
3.336162686352412421e-01
4.574750707322809973e-01
7.813795770406873897e-01
6.680058945330173970e-01
6.885777363673110107e-01
6.810832448654026150e-01
1.466848034395634714e-01
5.799091933931986853e-01
5.741049658647323639e-01
6.230636710554998681e-01
6.812306018707966482e-01
6.990600421188344349e-01
6.860399997978106068e-01
5.953810295847552503e-01
3.942634813790330539e-01
3.342096560296639596e-01
2.780512586328923175e-01
2.813366435087586437e-01
2.720213604855084011e-01
2.649690491482847854e-01
2.723414584141188310e-01
2.628108764500823313e-01
2.768861552706587958e-01
2.842148913573369073e-01
2.880206124416365698e-01
2.969042306736698333e-01
5.837713381377391819e-01
3.847735613917145914e-01
3.566541647793458614e-01
3.096456676260396779e-01
5.493998186046027410e-01
6.420616139072125028e-01
5.829752443728618561e-01
4.623219103606264757e-01
4.050324808754542372e-01
3.278783541846398419e-01
2.831562593202751055e-01
2.756738509181108632e-01
2.892156528640247304e-01
3.999130392799093436e-01
3.191868362633059619e-01
2.422842008534791258e-01
3.902028452632402278e-01
1.604259387496339007e-01
2.907570799347605761e-01
2.415670406982255436e-01
3.119620154001933043e-01
3.599829903212297677e-01
3.482843028430356869e-01
2.991001112020754693e-01
2.831809278558784504e-01
2.774611498597412407e-01
2.784851851866664285e-01
8.220665607716790557e-01
2.992189526279552259e-01
2.785658236980567137e-01
2.669541455420406662e-01
3.014676512544302578e-01
4.663881543748497061e-01
5.735922245722461232e-01
6.808972997248607939e-01
7.207841906764305140e-01
7.307862324531776421e-01
7.492303402875436502e-01
7.670831480656470358e-01
7.467658544123128017e-01
7.203801867012668003e-01
3.977815330078614542e-01
7.093890032424325920e-01
6.825601704002749459e-01
6.264097594157121973e-01
5.948358162741282928e-01
7.091094769524511898e-01
7.164891199160505764e-01
7.067280965029796302e-01
6.864847908971261070e-01
5.905198101827947577e-01
8.243614311842368814e-01
5.668724232239390481e-01
5.877080945969876957e-01
5.479771685527449199e-01
6.861943743571129462e-01
7.006553621309649094e-01
6.509513473177535037e-01
6.999226061000117793e-01
6.910005394885151420e-01
6.191387178126295243e-01
5.047630614711906549e-01
8.430005391226579325e-01
3.418651967693478455e-01
2.967580955138643395e-01
2.897074021732152227e-01
3.168656573982451263e-01
4.022086662286998848e-01
3.115169704462628641e-01
2.877814619259008722e-01
2.998997532275501365e-01
3.722834864251465259e-01
4.274090858152728711e-01
8.798999347578509989e-01
6.697246846583317925e-01
5.747868092212535807e-01
4.800783102216091836e-01
3.380430574009175571e-01
7.972201646683664267e-01
2.932752981332114040e-01
2.762273588523339041e-01
2.799651367768029031e-01
3.044337019361541552e-01
2.766003120334046272e-01
4.578105364007762912e-01
3.327035548606568915e-01
1.394692778221552631e-01
4.233769536754367069e-01
3.970401073669813097e-01
4.110550318162306538e-01
1.639256041083256843e-01
5.472819300492671735e-01
2.998064413116621751e-01
2.969599005094443744e-01
6.905025464546926672e-01
6.464839792726904122e-01
4.129751099760662902e-01
2.984174584854193957e-01
4.282813755085890239e-01
2.947360531609517498e-01
3.042176456627615488e-01
4.404825745438106788e-01
3.836932059764338043e-01
3.914143612779917292e-01
3.143677168301369229e-01
2.964217339913804428e-01
3.052892856637231533e-01
3.170312108695502173e-01
4.470364505939845023e-01
6.307039398339182590e-01
7.202809126059486200e-01
7.130815065498065097e-01
7.166820701318499243e-01
7.181551468973816910e-01
7.177923014111994293e-01
7.099240897373774173e-01
8.264571400390940958e-01
7.060215851163106349e-01
7.199311111183949174e-01
6.593257212902311482e-01
6.686503416472877603e-01
6.220419348772210366e-01
6.323423864804846861e-01
6.409994552072392215e-01
5.992140365325179241e-01
4.749519302234828100e-01
4.440040511866375494e-01
5.308658832385740878e-01
5.701914903273369584e-01
6.667628732515601397e-01
7.046388493151632959e-01
7.157000750255995136e-01
7.111338953019852305e-01
6.829490858776936513e-01
4.659260115657246626e-01
7.069950482739840725e-01
8.109993282959318539e-02
4.241933646890507781e-01
7.386267923335605445e-01
7.019789438712746854e-01
6.835720441396967439e-01
6.784027162261668797e-01
4.175641829317926490e-01
7.035078958905531810e-01
7.153450923310031850e-01
6.952971921105334241e-01
7.147432341227886177e-01
7.318013641380851642e-01
4.526291326362659184e-01
6.822264018182663259e-01
6.972470888607082973e-01
6.956421196645814486e-01
6.421837817008969607e-01
5.316548916798372604e-01
3.483256659766953978e-01
3.039656856977805965e-01
2.834955065102954253e-01
2.812560094775400366e-01
2.881275686656263324e-01
2.896891681639122695e-01
2.898504758507006729e-01
3.767708737181093559e-01
3.617595787495606063e-01
2.979165226146147649e-01
3.072549482287580402e-01
2.633894386833428580e-01
1.912938218170004145e-01
2.882326829100667620e-01
2.968929546534300745e-01
3.212528596061032249e-01
4.157259954094795762e-01
4.663476304902029468e-01
4.599683318137544052e-01
4.610866763588369333e-01
4.000333021341770379e-01
3.377654124200397678e-01
3.088052108850806166e-01
3.204753296188215250e-01
2.942912149248933518e-01
2.910328523061679884e-01
3.112372140276153387e-01
4.050767282767453459e-01
3.414885964993366607e-01
5.207853828172380739e-01
6.454037222709027022e-01
6.912454943323071976e-01
7.084207426651476514e-01
6.976841135878006916e-01
7.005478867397108012e-01
7.040357462393476151e-01
6.939342469422508097e-01
6.788483462726936368e-01
6.005465024986678113e-01
5.198903824142632191e-01
3.196389062085657207e-01
3.278150809715063563e-01
4.094842797970332793e-01
7.051013368182759145e-01
5.023399046751539920e-01
5.486072189497124274e-01
7.077734250961595919e-01
7.184555639607019817e-01
7.118482559154420963e-01
7.110645695454687054e-01
6.914137646022602279e-01
6.365214504644094440e-01
6.949628576094180055e-01
5.780465410488208056e-01
5.541291249074109526e-01
5.654586664481601188e-01
5.773462191564848744e-01
4.928443161058183586e-01
5.700850784230644397e-01
6.766785591425021895e-01
3.091358619122228091e-01
3.501671251708641242e-01
5.677304051030862553e-01
6.592832750130257491e-01
6.732097114285182649e-01
6.596374373090071463e-01
6.452927770220021619e-01
6.591268834611052618e-01
5.781513617381579540e-01
5.989414935733667900e-01
6.945232257058397973e-01
7.024785133825496297e-01
6.947283819442725550e-01
6.388152622742028219e-01
4.722509867901406588e-01
8.800432573619522136e-01
1.563772346304045657e-01
3.062150153749629844e-01
2.821229503804610350e-01
2.780697957053048786e-01
2.779953001433222992e-01
2.802148024296883255e-01
2.947339737227238632e-01
1.949789537077463719e-01
2.904737662662419950e-01
2.939338874362314447e-01
2.927365455460069765e-01
2.949115820479793482e-01
3.088220244901134226e-01
3.357803744054886907e-01
3.892035770160857666e-01
3.998637741037259219e-01
3.944469456325898626e-01
4.005495932976768092e-01
3.561042800598326341e-01
3.059719060448922723e-01
2.901562932316343324e-01
2.829433108058013735e-01
2.857371446415296057e-01
3.030467950695517887e-01
3.190405337599941382e-01
2.700199312214866532e-01
2.330618627660030473e-01
3.232525839164861470e-01
2.997685503547645181e-01
3.198326963197662409e-01
3.474258144700388407e-01
4.109350517940070779e-01
3.917316091305328429e-01
3.130635692245297697e-01
2.845550887952112973e-01
2.937365203953367643e-01
2.789363703358143654e-01
3.807971657589685477e-01
8.814676918411307183e-01
2.970155563838287605e-01
2.802405536955077658e-01
2.952411237304320979e-01
3.226198916395959793e-01
4.015137997982168305e-01
6.461537058051403104e-01
6.965710899542011392e-01
7.175079318690310570e-01
7.232536520279480019e-01
7.218348872943607386e-01
7.198491557952753084e-01
7.160838090083382346e-01
6.571751120584790051e-01
6.914172800632496507e-01
7.030959025500842507e-01
6.897796875674935269e-01
4.841817082351847906e-02
7.088660227118483981e-01
7.130066087881999914e-01
6.984362211999288750e-01
6.403300010912896800e-01
5.125585286921391370e-01
4.596748729056260863e-01
4.114540114185556985e-01
4.440675823786899845e-01
5.644518660313507796e-01
6.681771304294332747e-01
6.944659708973305312e-01
5.830818036851769248e-01
7.141064491199538011e-01
7.108441027017812219e-01
7.033424207118478266e-01
6.759763097626233508e-01
7.402069791572452040e-01
4.896880495031277203e-01
3.201956734098835300e-01
2.924549131895280429e-01
2.881369201353068399e-01
2.889694020314961809e-01
2.862360361400818620e-01
2.924395938376145865e-01
2.878826586635581108e-01
3.035230302466255803e-01
3.612502670840503916e-01
5.076593830185467393e-01
6.297982454974452304e-01
6.717568984451568470e-01
6.531601485473617075e-01
2.131531151494127363e-01
3.566795556534289591e-01
3.208274823796125608e-01
2.870789948348063669e-01
2.824329712145260962e-01
2.864336011827587902e-01
2.750417659564012851e-01
1.695372543368097173e-01
3.818272581030077162e-01
4.215828678465541324e-01
5.091413220556880725e-01
5.419352740796244960e-01
5.773712974345037718e-01
6.021011386488905881e-01
5.479092517000923035e-01
4.372215093114865669e-01
3.428636892349415377e-01
6.584138010595590451e-01
5.207579181872329377e-01
3.744803407462493627e-01
2.919489124188727747e-01
2.816464565934882480e-01
4.881119644552558978e-01
3.434785800290007796e-01
3.408707497640683370e-01
6.067967150391914144e-01
2.936565215300194209e-01
2.985979244216617756e-01
2.874727347859770132e-01
3.302773152386543343e-01
4.442357303788335710e-01
4.930867068297103972e-01
7.273308032515708454e-01
6.473476289110280391e-01
7.087741860520979653e-01
7.255992555668749899e-01
7.265229042263213755e-01
7.237710801317320808e-01
7.136720252333055292e-01
7.092740118362969026e-01
7.348258630628722310e-01
7.234134952142674546e-01
7.146869936598730932e-01
7.027718429115302756e-01
7.102465424439591279e-01
6.928772686007959036e-01
6.645205043879701678e-01
5.234927981015721210e-01
6.015211964494964203e-01
6.259668523963314302e-01
6.496334340534560825e-01
6.685067708727493452e-01
7.056855495501320741e-01
7.221134616624571567e-01
7.245983781582610028e-01
7.219594749002373746e-01
7.126831515868876643e-01
7.158906632807495729e-01
7.108591995209609937e-01
7.209187257711677788e-01
6.977889778010026856e-01
6.981950932355071027e-01
7.271478143883461920e-01
6.146378975252750898e-01
5.942356094252913001e-01
6.836164592455930000e-01
7.204816307165980982e-01
7.213928420400808061e-01
7.206716155065108209e-01
6.966595219642119918e-01
7.566715837141562151e-01
7.198541096494772695e-01
7.246827900193152372e-01
7.222653660266729059e-01
6.984663512596122059e-01
6.168056514172498561e-01
4.971420967747143815e-01
3.350250985963805217e-01
2.808653545866675594e-01
2.729324653225899122e-01
2.711953081327911352e-01
2.795821222281669738e-01
2.796788555651462671e-01
3.025326659288333220e-01
3.460422317193686537e-01
2.975374189238264022e-01
2.992618869495193290e-01
2.649999220240108477e-01
2.329598537942653147e-01
2.792058244602115824e-01
2.908130036837249799e-01
3.518798243170239703e-01
4.385646458595359176e-01
5.332502595306058968e-01
6.638801398190166125e-01
5.863873792508773608e-01
4.932395374954952061e-01
3.908386862461718514e-01
3.051155967971309613e-01
3.084853645905238362e-01
3.017975088957481344e-01
2.769329044916887250e-01
2.813121608520245953e-01
2.905936810766643341e-01
3.042821892247276616e-01
2.780730652016303872e-01
7.313736273252301467e-01
7.115554710212328438e-01
7.219893744842540428e-01
7.230354361497073334e-01
6.956717326106514054e-01
1.686787887988647483e-01
6.884644257136237622e-01
7.990187463179728722e-01
6.763392146955520268e-01
6.192121708832680760e-01
3.815716636471437884e-01
3.164223190089254234e-01
3.282942101593951945e-01
3.690898588050902651e-01
6.662113638644061586e-01
6.181383131483459970e-01
7.138129514933662101e-01
7.220241107026161842e-01
7.212259900617257191e-01
6.847347304430655424e-01
1.077447762718237306e-01
6.076493853663275102e-01
6.013630855858711488e-01
5.342029020256336969e-01
4.726962962336446195e-01
4.421601909283963128e-01
3.766021901948981010e-01
3.888626410275449752e-01
4.232370744360484660e-01
6.615626575973444501e-01
6.887305168331308014e-01
3.217872609885144564e-01
4.735069396936604780e-01
6.354850830977352150e-01
7.114758862544311446e-01
7.113450699291350432e-01
6.781782821148550910e-01
5.152164563991082913e-01
6.944189311106617746e-01
6.749099351045145800e-01
6.997332254122206052e-01
7.154755750099710543e-01
7.162644584320013719e-01
6.762472272238964077e-01
5.557013934966167357e-01
3.640360864105970928e-01
3.122654295450036921e-01
5.041843376215492389e-01
2.814370325707289400e-01
2.733118305210661125e-01
2.723577832725817549e-01
2.734728727319540309e-01
2.774504813700781058e-01
2.830183113734555667e-01
2.810956411423992662e-01
2.749191466480320201e-01
3.185315304722577956e-01
2.753120877081884910e-01
2.790106269666358108e-01
2.826744817416263489e-01
2.968909842098294560e-01
6.830442118825018616e-01
3.196700021850315543e-01
2.988625228706955905e-01
2.922167700788742550e-01
4.135116149894248472e-01
2.798431340401391076e-01
2.745753355942742724e-01
2.740607317297931722e-01
2.746710968876751591e-01
2.739223426642785619e-01
2.722154596076490907e-01
2.739739468267547995e-01
2.806967145005093145e-01
2.498785776889283494e-01
3.255561436149574384e-01
1.247816811788947100e-01
5.815393396741489473e-01
3.967585264658845534e-01
3.068870073919652275e-01
2.795403785765712690e-01
2.733927174643713265e-01
2.714835404264823171e-01
2.722576599910930817e-01
2.759108134958827563e-01
2.747485243730163340e-01
2.759758806431605871e-01
2.747572478872005730e-01
2.831152898418351493e-01
3.481299664592702459e-01
4.912128376838686972e-01
6.776656721811532558e-01
7.212859088866090396e-01
7.233868429635539332e-01
7.241776649243407693e-01
7.268742219153095929e-01
7.169116147219870561e-01
6.441267717685738026e-01
5.949251795216574656e-01
6.750870143153894221e-01
7.030867954177381085e-01
7.026424705798682835e-01
7.205445724873945634e-01
7.204615230619018096e-01
7.140727950919528721e-01
6.483033764635539598e-01
5.339390941105069954e-01
3.462055875715741582e-01
3.069300564336771009e-01
3.271102661516850363e-01
4.507853153479192687e-01
5.784914477569083058e-01
7.048427132820945795e-01
7.233871172478590905e-01
7.246182707047643667e-01
7.258970562055458986e-01
7.240490895826188211e-01
7.180745284521556915e-01
7.120094703300877681e-01
6.960367471478803303e-01
1.131443666307206941e-01
2.750345031282864783e-01
2.742099223843740829e-01
2.747445202772139661e-01
2.954756448536728364e-01
8.366699873919599684e-01
2.966296822433148739e-01
2.757073156142645365e-01
3.097979293782767707e-01
3.090296952060024305e-01
6.720431267903131944e-01
6.928633798345593675e-01
6.900964580636907986e-01
6.446804528412843904e-01
3.139239851403861636e-01
3.057476325421561447e-01
2.810035250484331781e-01
2.754230217233704092e-01
2.793345015613840632e-01
2.993375590180619716e-01
6.625917163431287449e-01
3.038016280109164247e-01
4.214785129059485103e-01
5.361719380296058324e-01
6.375904317533748200e-01
6.840401117980849932e-01
6.828462865174530494e-01
6.583239024998707167e-01
6.699925523817055195e-01
3.877625292105046362e-01
3.286898909940799141e-01
7.996136831302769199e-01
7.526881322975819133e-01
3.048157488666571879e-01
1.885294051186157394e-01
1.854401351616221383e-01
1.888908014120723733e-01
2.311022763616886189e-01
2.334839411625936334e-01
1.976503284033742092e-01
1.983827099965102536e-01
1.889012787131910676e-01
1.868908922300844544e-01
1.930194726234293612e-01
2.705142245545026358e-01
7.092997928628157478e-01
8.248135827705291856e-01
7.632800468490243961e-01
7.727819426468891528e-01
8.122153582790451187e-01
8.138678321269998683e-01
8.135875000610075514e-01
8.126178007409777804e-01
8.084567358983041352e-01
8.150911716296461718e-01
8.122723135680403050e-01
8.025232917087663509e-01
8.006950729646795661e-01
8.082447034411095466e-01
8.085843455338549424e-01
8.050070720787759759e-01
7.438656949481904368e-01
7.071600157718681556e-01
7.874032968753434947e-01
7.994301899401418110e-01
7.690333682693086814e-01
7.785505037158482189e-01
8.107949074962517155e-01
8.132016315639538639e-01
8.129369475756826890e-01
8.117749966112980387e-01
8.116791622361229086e-01
8.143473987317882967e-01
8.043050902074430075e-01
7.917164515741483832e-01
9.037412104242333877e-01
7.396103234228018630e-01
1.327501932491045866e-01
3.456354456264080222e-01
7.505548127775075740e-01
8.089143774637379547e-01
8.134023330624273740e-01
8.116813567217342484e-01
8.139428461530613390e-01
8.073885939297618108e-01
8.282897004832403542e-01
8.098720550553427655e-01
8.120524936416197992e-01
8.131832014465387726e-01
8.072895566624017638e-01
6.859950687106753930e-01
2.386208063645193778e-01
1.874563848659156484e-01
1.855958009398454012e-01
1.983135249792844224e-01
1.856328252329305095e-01
1.860017524327745586e-01
1.958752433006769045e-01
5.240890944223931536e-01
2.995398935889442837e-01
9.270383730960273239e-01
2.497087738531308665e-01
1.583142560759217277e-01
1.886218957880242686e-01
1.869732183744587384e-01
1.999794926692289032e-01
3.463941410561952594e-01
7.474903998262338867e-01
8.056604955737830531e-01
7.987004741835750377e-01
7.707443642524736127e-01
4.820602369043766044e-01
2.066812555190336853e-01
1.886809827844092291e-01
1.949755351698586603e-01
1.874322326436032027e-01
1.872492927666779550e-01
1.885166541269061025e-01
1.943983990223232539e-01
1.824494689776547385e-01
1.387356829951301995e-01
8.438850480912418739e-01
8.115023427149866686e-01
8.133038604018165696e-01
8.187069230221980520e-01
8.269181721306467781e-01
8.245015225824536831e-01
8.102306130026667441e-01
7.976122605293307632e-01
7.531775215806045809e-01
9.245161265593926370e-01
2.442143220090602362e-01
1.968488969333793692e-01
2.428490317906645823e-01
8.708306345230980572e-01
7.594441868916790295e-01
8.004953919160077147e-01
8.109700645570303568e-01
8.121034503035214902e-01
8.008385495758449935e-01
8.524993659685585756e-01
2.649677106798319359e-01
7.190056687677679470e-01
4.936194210392144677e-01
3.009528465693397381e-01
2.133624969139118477e-01
2.134775096660858906e-01
2.263970692878851942e-01
2.648338314229873314e-01
1.191829258942128378e-01
5.598428474964993740e-01
