8.138471326232727954e-01
8.135791317444058812e-01
8.128248224871891248e-01
7.440290630724333276e-01
2.674502932632679686e-01
1.961304787902885538e-01
1.875190984031472330e-01
1.796590031440271629e-01
1.854867930383027885e-01
1.863631550503740408e-01
1.853790707136665494e-01
1.840989391973910927e-01
2.186026219943322524e-01
1.614524562266407559e-01
1.963294675819168555e-01
3.899073236955439836e-01
7.286373951674927074e-01
7.928567985167435106e-01
7.801437536462024758e-01
7.819756984582613146e-01
7.957409390003276073e-01
7.977800199312812257e-01
8.031569019106395979e-01
8.113289022092271541e-01
8.132937092043497351e-01
8.143401300449821800e-01
8.144129215411888278e-01
8.144083237870605174e-01
8.148124026666369035e-01
7.904865982151565440e-01
8.133567405155948116e-01
7.866241167072903773e-01
4.270416244367209457e-01
1.969828737549515485e-01
1.860534945011883268e-01
1.858331830408542773e-01
1.851427727704981208e-01
1.854081115999050289e-01
1.853497836979861035e-01
1.854286402047601590e-01
1.854221538009249715e-01
1.854876024865582396e-01
1.855063211221602837e-01
1.854042230897047505e-01
1.853973988072521450e-01
1.848477670990946731e-01
1.850318862528680663e-01
1.860915791684515652e-01
1.869981230573260489e-01
1.901033178385122813e-01
1.958689278412026891e-01
1.908240759925820540e-01
2.013798863190332245e-01
2.093837186607628298e-01
2.035674060995411039e-01
2.082848584812696524e-01
2.052934533549404528e-01
1.973001802249416958e-01
1.974188033641792739e-01
2.062494849677706243e-01
2.027315092324452339e-01
1.872674980370471753e-01
1.865660503246522883e-01
1.930433136692566998e-01
2.608715647386358194e-01
6.445110421893158748e-01
8.041232993933469242e-01
7.158019306502111379e-01
3.222480992646833964e-01
1.994732870016694970e-01
1.882422369082044356e-01
1.879949579724116415e-01
1.889960261865845925e-01
2.112550384173053075e-01
1.918426294182225544e-01
2.235813920315750936e-01
5.520716249561288258e-01
7.930750654655737142e-01
8.129587309984684929e-01
8.095789371956858549e-01
8.127928726100137613e-01
8.105759953794950956e-01
8.042959133793621262e-01
8.028289886583519497e-01
7.921986871104244043e-01
7.959654128133635265e-01
8.048082366914282026e-01
7.843843128408092280e-01
8.128210197064136278e-01
8.159704497576978355e-01
7.643687626252924083e-01
8.164633032449404304e-01
7.645386524450042964e-01
3.006696838343508871e-01
1.901555951954723711e-01
1.859445831745740185e-01
1.839564377066616185e-01
2.173807708561416585e-01
1.835648205273351652e-01
1.851169285577534129e-01
1.846182660022065991e-01
1.857629403671517132e-01
1.862733317951361378e-01
1.872426404867240657e-01
1.914332798144854353e-01
1.959350674616543997e-01
1.986650088402631686e-01
2.184291891957954868e-01
2.095376246784610152e-01
1.956248902932108957e-01
2.034621969503178363e-01
1.893947673627639494e-01
1.985796363851134450e-01
3.170512733565856167e-01
7.544012395558670203e-01
8.074778898302151786e-01
8.073252448009469173e-01
8.132184044473579343e-01
8.143932283088852753e-01
8.145572213325482647e-01
2.737738381460735337e-01
2.792785592189191979e-01
3.258057170076877895e-01
5.415784476355927080e-01
6.666873758353932811e-01
6.867160051238490048e-01
7.556113320995979654e-01
7.268771692114782690e-01
7.285055999643024194e-01
7.286610555017716262e-01
7.277229656772219446e-01
7.182237091874287271e-01
7.171734940027921779e-01
7.593993431482402023e-01
6.161637275501303801e-01
5.393154854272248500e-01
3.513403895359875073e-01
3.173665574020987923e-01
3.187474150379577820e-01
3.083695740656072215e-01
2.972742652069913505e-01
2.932570980826698093e-01
2.879652304389345163e-01
2.900529061204957237e-01
2.773243766284946843e-01
2.730754007472078748e-01
2.720887835326640802e-01
2.723657715358749343e-01
2.778541207452490669e-01
2.768438892161085296e-01
3.016255605305690479e-01
4.530301566145278902e-01
5.925013698446244259e-01
7.084978676647133433e-01
7.249011833509649838e-01
7.269788981142389916e-01
7.276754643722920246e-01
7.279586226106106173e-01
7.283053912603488778e-01
7.285254005167974833e-01
7.285156816936440016e-01
7.287169576174833407e-01
7.286815605663243822e-01
7.286396711940404947e-01
7.284771782806405138e-01
7.320132502923706319e-01
7.276463077575546778e-01
7.263489878249194120e-01
7.224149057761124482e-01
7.152069750962687378e-01
7.095563720668682794e-01
7.341695655666583553e-01
6.917892007388283249e-01
6.968675075916227479e-01
6.951385480933018890e-01
7.037206807507928596e-01
7.004822492500691888e-01
7.097857536557521385e-01
7.150147188272423238e-01
6.586356889369224810e-01
7.248118516631176789e-01
7.215069331132488717e-01
7.193925362431649040e-01
6.849125238305681096e-01
5.856723817913677133e-01
4.138253776634746028e-01
3.799252765033980794e-01
5.634618807633063886e-01
6.601382313157848625e-01
7.150423303313618861e-01
7.241916907165729667e-01
7.243312298956678941e-01
7.162105231549037443e-01
7.294167575012939775e-01
6.759487742688874423e-01
5.176494388739821817e-01
3.995788591500087916e-01
2.951300977877253096e-01
2.755134530596553555e-01
2.739582338450439192e-01
2.777150847338119011e-01
2.859410823331168250e-01
2.932414640692357355e-01
2.952142638436905386e-01
2.930792485943999881e-01
2.904257139407111499e-01
2.918252881566443246e-01
2.867819463892827825e-01
2.763507211431931454e-01
2.894573446005436201e-01
2.932377856841396069e-01
3.183169376055942079e-01
4.888565729065977306e-01
6.492515633596269709e-01
7.175198110556073594e-01
7.259692761845526476e-01
7.183837997083047933e-01
7.187077495741200917e-01
7.276642545061087208e-01
7.277458381306295410e-01
7.274182885563147405e-01
7.270639745546274568e-01
7.253960301652322418e-01
7.200056841631831128e-01
7.110874364605304088e-01
7.010138352436001696e-01
6.984749130831775510e-01
6.507245507320893463e-01
7.095476216275673487e-01
7.113529447365436464e-01
7.165047219949978174e-01
7.204604139064988422e-01
6.690737799791212082e-01
5.696697350195025766e-01
3.446619378335971096e-01
2.938514996315612637e-01
2.818007494499877308e-01
2.768926125838324648e-01
2.820345782277345337e-01
2.750245048487817145e-01
7.224423546656687511e-01
7.180196172954166345e-01
6.551485665210051712e-01
4.935602162949832006e-01
3.522630475395053251e-01
2.888105349576431391e-01
2.791549033607717001e-01
2.728889852173526087e-01
2.743809545150745488e-01
2.740400234409326452e-01
2.710274869881888482e-01
2.720068359298272731e-01
2.754312173774199346e-01
2.929818448302570766e-01
3.646385696300554202e-01
4.342345739423262851e-01
4.862646659443901065e-01
5.733552158309023206e-01
6.286769104073876013e-01
6.216798858211530776e-01
6.302725741251952174e-01
6.787221098583348100e-01
7.007865362121382669e-01
6.495326142546063997e-01
7.255988918406229837e-01
7.277438474317843298e-01
7.285670507041785982e-01
7.286498635853687622e-01
7.261375255206072854e-01
7.671633087153940656e-01
6.813330499174519161e-01
5.368284507121406923e-01
4.215753120127381237e-01
2.990463385666106699e-01
2.743481190654829538e-01
2.712294610426977948e-01
2.709178260587613019e-01
2.704164339058115485e-01
2.705451922102518614e-01
2.709860811065828434e-01
2.706844133387008022e-01
2.715368826480687447e-01
2.707840537333021658e-01
2.707865425953955851e-01
2.708868595175322191e-01
2.723198519064985446e-01
2.722301592517230584e-01
2.751877400181153566e-01
2.837241962188790656e-01
2.963308389567211876e-01
3.342502900863465465e-01
3.498404730282743125e-01
3.493823280784100760e-01
3.841267235396079727e-01
3.816542931166174157e-01
3.491918644608922873e-01
3.567161414860676727e-01
3.322545231905099095e-01
2.999654785304091686e-01
2.969296747019205540e-01
2.785926650156043682e-01
3.000321996995576335e-01
2.824017911932420466e-01
3.195209947950202745e-01
3.990250711409084050e-01
4.093940491368815993e-01
3.980629511041669510e-01
3.970490895554341093e-01
3.410585735880047875e-01
2.884022083801552894e-01
2.778781058173528939e-01
2.825569451221084383e-01
2.417323211505659208e-01
3.175051790562791187e-01
4.347577571506147653e-01
5.537946635124202377e-01
5.561975375329668569e-01
7.051378689669965949e-01
7.098273553019047721e-01
7.101211115276258035e-01
7.184089800859855268e-01
7.073852713628049349e-01
6.286425099184294041e-01
6.510103375580076346e-01
7.211955998927266354e-01
6.475421404333577824e-01
6.870334160424768077e-01
7.081765855064905413e-01
7.185819633146458552e-01
7.254740022593172410e-01
7.202622414731423284e-01
6.738326994362690003e-01
5.140165984693805257e-01
3.700520636274220454e-01
2.865156156003229593e-01
2.726699253550089463e-01
2.708483802425525888e-01
2.704445326709971065e-01
2.704003600515937356e-01
2.675970906131532323e-01
2.682232257568098466e-01
2.728115216137073640e-01
2.765832902217787992e-01
2.863399847062287340e-01
2.996030256789326551e-01
4.149547709510614801e-01
3.448935859637435319e-01
3.552109732603133119e-01
3.472379556476714590e-01
3.075859896888897826e-01
2.925433012202494076e-01
2.549392359947587616e-01
3.367943277717111439e-01
4.143834954356164224e-01
5.389609588865693635e-01
6.914644624026715647e-01
7.135257532646724909e-01
7.238836920394003949e-01
6.802451931377051508e-01
7.273886058774452490e-01
2.822656694436214697e-01
2.965985203852654628e-01
3.091068847788729923e-01
3.626859737509811055e-01
6.246310228467262249e-01
6.907309088975169820e-01
7.124947888265977802e-01
7.197796170879088296e-01
7.238509816748890380e-01
7.096785613836604778e-01
7.239058874151570455e-01
7.229279405219745103e-01
7.179982066427207377e-01
7.109154175148139077e-01
6.890662919813338450e-01
6.198148917219360454e-01
5.409892250919646761e-01
5.200453177858073150e-01
4.472017854680742088e-01
4.079780785121106534e-01
4.148009352996497312e-01
3.857329441103091172e-01
3.296394604636135872e-01
3.169231935030721869e-01
3.025994591009858459e-01
2.802682566228864580e-01
2.773731432120003504e-01
2.772039983354670500e-01
2.789758743276212205e-01
2.791939326731114335e-01
2.944117232324912070e-01
3.357693536309062088e-01
5.355016134007563045e-01
6.706671427423683829e-01
7.060985296774544562e-01
7.162745841868326524e-01
7.079294409432209667e-01
7.194659635911028195e-01
7.247432471092013495e-01
7.236642791980231193e-01
7.238181909747881670e-01
7.240900079381243915e-01
7.242344217568653653e-01
7.241931918413598845e-01
7.241852853864048090e-01
7.240030048242950267e-01
7.230709281595257831e-01
7.197974184556324984e-01
7.120230061544787770e-01
6.972444627539052808e-01
6.510019914007162400e-01
6.109470364526099484e-01
6.107273123902203782e-01
5.754752280751272986e-01
5.422636056887304434e-01
5.803466910958490210e-01
6.073298971985618966e-01
6.076338750858241156e-01
6.542144421041296010e-01
6.968510519253376945e-01
7.059936612998577443e-01
7.122977713211806616e-01
7.130063828466610687e-01
7.138265345903903603e-01
6.792307415698974893e-01
5.913278537628694487e-01
6.692047961775861031e-01
5.882276733348632547e-01
6.577818870807530249e-01
6.996119415751914650e-01
7.128327657874494738e-01
7.126093566301541227e-01
7.094968160339824026e-01
6.742424759366101306e-01
5.717631725613282478e-01
5.013195902177587371e-01
3.958865828575892643e-01
3.173256618907243087e-01
2.871142642492920394e-01
3.477348299739159154e-01
2.879571602006816278e-01
3.011238933119909644e-01
3.555858862887215088e-01
3.952460481709498819e-01
3.699328162951585619e-01
3.763893172694033895e-01
3.763460028794060608e-01
3.244182586705118276e-01
3.103836201767247727e-01
2.868643588464787619e-01
2.891109796191068115e-01
3.041522685806349879e-01
3.180763133973399381e-01
6.063719214554313952e-01
6.851348571535328391e-01
7.132228457605869210e-01
7.219583926846130373e-01
7.212394620224382713e-01
7.235754946176952140e-01
7.231091472314981061e-01
7.414584846950942332e-01
7.214363523454503380e-01
7.178310935656907477e-01
7.093271162479563019e-01
6.900115480448842931e-01
6.231555884788770872e-01
5.980922598281557256e-01
6.279521536790814151e-01
6.145522056296915947e-01
6.314547984370629807e-01
6.815021224356573315e-01
7.072331602240188309e-01
7.061461480362476451e-01
6.580640601802479894e-01
5.212583858399600922e-01
4.438250853418771458e-01
3.224237687504401539e-01
2.910513657137079324e-01
2.919105805675789034e-01
2.888425999878958539e-01
7.049897973240146776e-01
6.311845385655865392e-01
6.924435132698598672e-01
6.446620691428397443e-01
3.838125535384038223e-01
3.109523847836417887e-01
2.878732168812871417e-01
2.890478741863984347e-01
2.864227660132930842e-01
2.802630202520179914e-01
2.772606276418930760e-01
2.770008708760534621e-01
2.794985644166184113e-01
3.019139848685937211e-01
3.156893462290207286e-01
3.174877144260938588e-01
3.659767148839874196e-01
4.047694185423418300e-01
3.961671485361528688e-01
4.188931093565356201e-01
5.191393833333881602e-01
5.309101376099717440e-01
5.960547664695124981e-01
6.879993540208879654e-01
7.113809990602203426e-01
7.204814780461221702e-01
7.227838496939569257e-01
7.231901552291606361e-01
7.189948986248206886e-01
7.230513920315566612e-01
7.025571511945776226e-01
6.916218597746475183e-01
4.621351392033174466e-01
3.288215392194701603e-01
2.926003257072888331e-01
2.787718915777326334e-01
3.417487585698599784e-01
2.761178337835284990e-01
2.759982588565504935e-01
2.765191807921277833e-01
2.764471071917385392e-01
2.792268472335799334e-01
2.796933052338343995e-01
2.760512574921827889e-01
2.762719885986353319e-01
2.832899542221343214e-01
2.842149728184208413e-01
2.809702851859004480e-01
2.917079648666507374e-01
3.277217076108872029e-01
4.147126582851112242e-01
4.486484989368166865e-01
5.434887091130546910e-01
6.143478127136884348e-01
5.242690357979283844e-01
5.563847380831750122e-01
5.380679545584375889e-01
4.483227113891198878e-01
4.120375194918505235e-01
3.217526067685860802e-01
3.228042845891866408e-01
2.849669247735913125e-01
2.802732978751683035e-01
2.399918024867373212e-01
3.025362846846061937e-01
3.226683118839376863e-01
3.407791706065205206e-01
3.330674790579867262e-01
3.084089086910930533e-01
2.954014367271974306e-01
2.868575379071504061e-01
2.888105778529278522e-01
3.062350202218926398e-01
4.036140368253371413e-01
5.018415827452429312e-01
5.626700655228091819e-01
6.702420957944857927e-01
6.802519356851894905e-01
7.115066551665482075e-01
7.034474639727117395e-01
7.103862420608213490e-01
6.853187576214475607e-01
5.956487821181819520e-01
5.613803313519685201e-01
3.939507320619396458e-01
4.957327366902709587e-01
5.794794514244094863e-01
6.187671844664406340e-01
6.942680527908444699e-01
7.136174253458718031e-01
7.153934247388357148e-01
6.984180380160106560e-01
6.508861488446835430e-01
3.922021030760768912e-01
3.146436777882555269e-01
2.866552602471277300e-01
2.782748425543539739e-01
2.760160877620331243e-01
2.759557957511438175e-01
2.755000592135047888e-01
2.734084980123475672e-01
2.772493536240205891e-01
2.819682757239647120e-01
2.953192780324947475e-01
3.456006904646626299e-01
4.144024084115735529e-01
4.580848239485790785e-01
5.808411950147596148e-01
4.741258327828819508e-01
4.166058958523787270e-01
3.712440625118181847e-01
3.084647245035047058e-01
3.018209427510017417e-01
3.161772597774097360e-01
4.219059560367396933e-01
5.086144049039214021e-01
6.398466019083137724e-01
7.052508940302837370e-01
7.178513170367316620e-01
7.197071370251870714e-01
3.499585355318333701e-01
2.938261017554945620e-01
3.424732575531116985e-01
4.273777351873742081e-01
6.341602873906758697e-01
7.166169334967115168e-01
7.163926645805281934e-01
6.909816602816531983e-01
7.341244352917840610e-01
7.302760040599689528e-01
7.290587889437017965e-01
7.276915967312942435e-01
7.253684950658214614e-01
6.485021096239450555e-01
7.018389370609909861e-01
7.154032930936048418e-01
6.440423874174882046e-01
6.298972783825739219e-01
6.416770434594025740e-01
5.992234621727037247e-01
5.073155851910459146e-01
4.534128107003408958e-01
3.881138013126352870e-01
3.057531805125665025e-01
2.772054341004328015e-01
2.726105195477196985e-01
2.716281107212121237e-01
2.724941962804405815e-01
2.724496150904398006e-01
2.335261158408553639e-01
3.122178164769849329e-01
4.606732911909029449e-01
5.784252946252887995e-01
6.995664834472197224e-01
7.190950152014700114e-01
7.028588778638014123e-01
7.106447810858416148e-01
7.280136460152415445e-01
7.295357542437127529e-01
7.307165763986461782e-01
7.210095555986857363e-01
7.113744850392762498e-01
7.295126119856201186e-01
7.295022959325635492e-01
7.295996288317398992e-01
6.966537642677826936e-01
7.276171494640024662e-01
7.181032910680690273e-01
6.754143308052341643e-01
6.039481888188468206e-01
5.462526636204443342e-01
4.295034168254966422e-01
3.680909918608541997e-01
3.741418731096098904e-01
3.980697120634730801e-01
3.695002035495548731e-01
4.339448585028350958e-01
5.469445925309743828e-01
6.056140368737614743e-01
6.768489166654269029e-01
7.130440824969560554e-01
7.239733427955690193e-01
7.493723602537674111e-01
7.225599302511186428e-01
7.033835797272561807e-01
6.809790293074018397e-01
6.746677496041504352e-01
7.001422411036637428e-01
7.100674355321813236e-01
7.201762790995313024e-01
7.216325101315852475e-01
7.049442735340762933e-01
6.304987163847489695e-01
5.013291600338497522e-01
4.481653634158084265e-01
3.190257700014584308e-01
2.974803235617319297e-01
2.830804048366556969e-01
2.750226408354082830e-01
2.818814903239791336e-01
2.906092206865559247e-01
3.879113320596157544e-01
4.508889700682744417e-01
5.953976754872698507e-01
6.389440887427298987e-01
5.280893671843890358e-01
4.116027289881056817e-01
3.681529424812732820e-01
2.978778424032826333e-01
2.770504902779656331e-01
2.806048287401904373e-01
3.326308203745665937e-01
4.903702592233061819e-01
6.319561807352966909e-01
7.138257853394391894e-01
7.272148057319686165e-01
7.287201353561465478e-01
7.289561184743419409e-01
7.289475491775253557e-01
7.283569328846026814e-01
7.277904550007429085e-01
7.257569219910344760e-01
7.148000869550396041e-01
6.588234848983948178e-01
5.992804318656990148e-01
5.193229354199058179e-01
3.850108399085865329e-01
3.761098478133094725e-01
5.046971701943895328e-01
5.865755364396997296e-01
6.371476917786104144e-01
7.022700058319781835e-01
7.113421413684150041e-01
6.995153463769028246e-01
5.696167704088443973e-01
4.248888642429670126e-01
3.478936718780575865e-01
2.873403429934554554e-01
2.751275242074010530e-01
2.669211520155427841e-01
7.035282977223108469e-01
7.176345926729682523e-01
6.789373267547800239e-01
5.207440742273751200e-01
3.415307767702447928e-01
2.821483832529432245e-01
2.773793104687179989e-01
2.810027284181165763e-01
2.481771011572367347e-01
2.728742853729164697e-01
2.720077619679572845e-01
2.729008703251303292e-01
2.772241146588626526e-01
2.897473025622767651e-01
2.855015440673899785e-01
2.871830474761458696e-01
2.931119854220328724e-01
3.012532769855398862e-01
3.127378423404333363e-01
3.301461130042976921e-01
3.499861511026242100e-01
4.632881143632112675e-01
5.914783902575450059e-01
7.016612724742047336e-01
7.240376097121528076e-01
7.273997698533113399e-01
7.280648980728509079e-01
7.282432637040263668e-01
7.287832083420713314e-01
7.297251599599139382e-01
6.973307012270648642e-01
5.434708902301069733e-01
4.051968575903898140e-01
2.908214440580250137e-01
2.877575865342064665e-01
3.233747624312031110e-01
2.709762115633793655e-01
2.713799468774768520e-01
2.720543612344852313e-01
2.501161774643056446e-01
3.173971665893690619e-01
2.768029176859239104e-01
2.746127792337971218e-01
2.719008727612197696e-01
2.730788552507438238e-01
2.780969310814765394e-01
2.745346095791089680e-01
2.807665392570902752e-01
3.259730725362618986e-01
4.230824952315098697e-01
6.254094853773634055e-01
6.205992667490473069e-01
6.730536825325500461e-01
6.883313310869504376e-01
6.868829821745344733e-01
6.752689627840008368e-01
6.380587328848765782e-01
5.972123353491528563e-01
4.126283299839203500e-01
3.176758413919905655e-01
2.913627858464650222e-01
2.860372887209737258e-01
2.736426979197340570e-01
2.785340636025481764e-01
2.832881885689296775e-01
2.861034801867687327e-01
2.869705936949672465e-01
2.756693556617529350e-01
2.801614902945226415e-01
2.764203721690152715e-01
2.769443782858779790e-01
2.926746887340118120e-01
3.835924235357699996e-01
5.079688283843175611e-01
6.724244340028285860e-01
7.047590914165626774e-01
7.371792383822758365e-01
7.236700270593126039e-01
7.254865029724973935e-01
7.212295062014024705e-01
6.894327286797339305e-01
6.001981854442118847e-01
3.825466982530639215e-01
3.439058798189131294e-01
3.463215705226849184e-01
3.342379612541661604e-01
4.587591534846960362e-01
6.187542359187973018e-01
7.043610523794939793e-01
7.238557253729366314e-01
7.218706194208439619e-01
6.991954152256307786e-01
5.103632191331183288e-01
3.483787438877682940e-01
2.822578864096201290e-01
2.753741571500099017e-01
2.738951780527784097e-01
2.715852501000697861e-01
2.714325656368718476e-01
2.715949047831307528e-01
2.719885775663880567e-01
2.735719170664118183e-01
2.861922822200295702e-01
3.458704814347216550e-01
4.294213570933888557e-01
6.457856519942981599e-01
6.664759272786076050e-01
6.646525184255904772e-01
6.454949282273030331e-01
4.953063277456332680e-01
3.746605955063978532e-01
3.025748111411176167e-01
2.915762153649456567e-01
2.925036234595975726e-01
3.291777417002144102e-01
5.414394936338824404e-01
6.491435759338579636e-01
7.148471280649183468e-01
7.236485809531918445e-01
7.509308115441652998e-01
2.129404216879662581e-01
1.875449019501604364e-01
1.882112953340745465e-01
2.598126498202821821e-01
7.321369931299698264e-01
8.131337218954630686e-01
8.146290440283685541e-01
8.152777230693238897e-01
8.213964549580966557e-01
8.208366484166133015e-01
8.150322571120948156e-01
8.145684998844811009e-01
8.142720867789275951e-01
8.131371162221665561e-01
8.108319872450118204e-01
8.045849427240361340e-01
7.978903492116474760e-01
7.982619198893020629e-01
7.893037655841790290e-01
7.861666302972253328e-01
7.309272863435636314e-01
7.637565599971180008e-01
4.910792156328787073e-01
2.187235614616002410e-01
1.891911042185457359e-01
1.863892468818262316e-01
1.858507618244277237e-01
1.858975682524168505e-01
1.868070049369702224e-01
1.880314422290667586e-01
1.877063236452136130e-01
2.104816452144932237e-01
5.732462890514462561e-01
8.021323182879410707e-01
8.089543864556844044e-01
7.967725197922810310e-01
7.959503508533919414e-01
8.130535223834902681e-01
8.144793659894268290e-01
8.189300139501690667e-01
8.079244843948467647e-01
8.042292190892911252e-01
8.052946716436779617e-01
8.154423737315209531e-01
8.150487956289831359e-01
8.150387788928907806e-01
8.148216651113452391e-01
8.138494843654938693e-01
8.042450604874259446e-01
6.985217485456793884e-01
2.892858145256897995e-01
2.136558132550127609e-01
2.377558302032443394e-01
2.136075734596470099e-01
2.049597782559458570e-01
2.163738648352150351e-01
2.233658807341793451e-01
2.095444093144868958e-01
3.716254922445309528e-01
7.272040687367387068e-01
8.070984821174405077e-01
7.720110297422354551e-01
8.148844877760181848e-01
8.140782652491042048e-01
8.100688916446490140e-01
8.040804732964429435e-01
8.047293322286198647e-01
8.053285976629476206e-01
8.101528516132958657e-01
8.114027616357885053e-01
8.123741908516098897e-01
8.121558304804794570e-01
7.940167362436838516e-01
5.778031496080044960e-01
2.319379435920272958e-01
1.967976608145060313e-01
1.917760536866382204e-01
1.850600214095461937e-01
1.866193592691322845e-01
1.867793109419139674e-01
1.951743726715248761e-01
2.852429862274682981e-01
7.138729313012046607e-01
8.037139457349499194e-01
7.361156882473107732e-01
7.865516138504887733e-01
7.947141569847971931e-01
5.657375604295800109e-01
2.300407497738953810e-01
1.886302448281077515e-01
1.862823999633635985e-01
1.837153581121255264e-01
2.378479920530041092e-01
7.047340618403461487e-01
8.104572877438021017e-01
8.143211040791722422e-01
8.069209796600557150e-01
8.149085026793019271e-01
8.145859801601896821e-01
8.144245039122848251e-01
8.141400328995219704e-01
8.139868424162204352e-01
8.124330907307435456e-01
7.963794877346243029e-01
6.324745115797308914e-01
2.400296501637013691e-01
2.030390650433586408e-01
2.232323471597719156e-01
2.046428873075497867e-01
2.652072255849166615e-01
5.282372294447114092e-01
7.855234237208212900e-01
7.821709686916767934e-01
8.100391276640648286e-01
8.070020722455599760e-01
7.782380954165033504e-01
3.761503728082635778e-01
2.016813258594947200e-01
1.859892895808910041e-01
1.774480592014052727e-01
