6.933619730999640574e-01
6.847227090103599201e-01
6.331174982877421087e-01
6.885084683673261541e-01
6.927724556667136380e-01
6.574775393270497759e-01
7.011102947787553052e-01
6.906959644372785423e-01
6.963891763228238219e-01
7.031924411816625753e-01
5.513459016715814842e-01
4.566178036247018346e-01
3.355682983626600002e-01
3.029640379215176593e-01
3.110822995221077525e-01
3.042001093009985002e-01
3.164940228443167136e-01
2.937574906449448853e-01
3.016564795773546415e-01
3.837445666486175022e-01
5.302354714090788956e-01
6.719048094710360353e-01
7.052624185424883896e-01
6.031470767266304822e-01
4.246723478148908271e-01
3.201122458159861850e-01
2.934203554153582694e-01
2.957993978124100476e-01
3.124106677362452622e-01
3.523030258310316798e-01
2.962718793751842328e-01
3.365864239399737334e-01
4.893056458252192376e-01
6.443309262871299570e-01
6.997481773842859631e-01
7.009653105816122665e-01
6.984031814065241317e-01
6.986838118863881730e-01
6.991877953961607162e-01
6.992151362011105320e-01
6.991279600106694581e-01
6.988744293938333740e-01
7.011876970309850465e-01
6.963353550535340553e-01
6.991577474784504975e-01
6.989082419019645442e-01
6.989183561860009553e-01
6.982442264512251917e-01
6.891173298956898563e-01
6.881694763511168045e-01
6.976877210419905051e-01
7.037282520653997953e-01
6.981755207700967025e-01
6.981979727709789474e-01
6.976869515868816540e-01
6.978741073978216303e-01
6.982502174726415989e-01
6.985774152911718993e-01
6.978547889437065610e-01
6.983951522350827501e-01
6.959525525413222669e-01
6.948557387372109595e-01
7.012483713946938702e-01
6.829768546331542733e-01
5.618861513506536731e-01
3.780552005037345342e-01
2.978373898475400461e-01
2.968113068662757148e-01
3.585783906477859606e-01
3.057281612648233837e-01
3.035395972812874321e-01
3.009155200690581955e-01
3.011577982537940734e-01
2.934895804168313749e-01
2.930598649100791819e-01
3.000813930129651030e-01
2.834195561425905119e-01
3.472439550742774106e-01
3.002957534182815191e-01
3.006434231295562198e-01
3.019697634492320426e-01
3.077177001037707527e-01
3.013656789499820077e-01
3.057029262968666838e-01
3.152958068241104028e-01
3.112302089921403225e-01
3.065545003044689576e-01
3.261406429976911880e-01
3.440489444425912646e-01
3.013636408561869429e-01
3.152705317203512436e-01
4.479126905240987666e-01
6.178049345105877110e-01
6.909400022857963286e-01
6.996271525899989685e-01
6.973211016517570915e-01
6.976762453831073518e-01
6.970067286522342309e-01
6.984577179755125931e-01
6.993142723862391108e-01
6.996175181494321826e-01
6.994769527534286935e-01
6.990145059993295718e-01
6.991623362271550679e-01
7.032701386660424880e-01
7.038878139072060058e-01
6.997743158631963833e-01
6.992276296090640386e-01
6.984669926010352858e-01
6.943469735411474941e-01
6.919464637207995983e-01
6.983365826998774173e-01
6.736354434999300977e-01
6.969431211205905363e-01
6.881176521855310035e-01
6.830301340799357357e-01
6.908588222599978401e-01
6.783312260104978897e-01
6.603913236537296561e-01
6.771464981313310982e-01
4.288505177350332431e-01
4.369817894264917957e-01
4.796394793604467632e-01
4.226410513727308915e-01
4.668105040171707798e-01
4.281462855904590303e-01
4.269260590515381315e-01
4.289287838846329581e-01
4.314338016112181373e-01
4.667258247356238510e-01
5.051976055794454856e-01
5.353431445312839543e-01
5.557888430799861057e-01
5.725899911575812462e-01
5.972086961258193938e-01
5.680180258937286286e-01
5.698367146516587489e-01
6.137557157545118214e-01
5.489070155073971780e-01
5.147542951608452544e-01
4.775380061784998409e-01
4.425785233654923601e-01
4.573204676966543536e-01
5.031520269787506106e-01
5.428013106007498756e-01
5.715805555624871026e-01
6.026745061573970386e-01
5.748206947946978840e-01
5.645379530155643089e-01
5.645860323257682056e-01
5.593054126510474955e-01
5.160684892755739162e-01
5.089042348130430327e-01
4.434916737791727570e-01
4.228624188222562807e-01
4.189844541559752944e-01
4.183533601730510254e-01
4.178538095812590059e-01
4.176435423024242310e-01
4.176578472682928589e-01
4.177217154199849292e-01
4.178835965863988422e-01
4.176965443401381983e-01
4.174461202964928064e-01
4.175363921078556473e-01
4.175058338049268403e-01
4.173608027970384104e-01
4.174195570966284796e-01
4.646842652264031037e-01
4.209145950574071371e-01
4.263074043001481295e-01
4.210463498429228846e-01
4.185325109165869417e-01
4.176549947666030604e-01
4.173599194521605549e-01
4.173361584693731641e-01
4.173469915477300840e-01
4.173458793609703399e-01
4.205400518863066650e-01
4.180566603528937941e-01
4.183753474385842885e-01
4.308483772929636579e-01
4.272303079531619141e-01
4.634172026726293137e-01
5.094052176655228248e-01
5.549818890034415864e-01
5.770619121160980303e-01
5.690658792185021575e-01
5.690532179087415265e-01
5.627270446346925858e-01
5.799273255190634524e-01
5.752777579215212489e-01
5.784234061159028162e-01
6.131062577074538611e-01
5.738287289710943817e-01
5.810668368181255428e-01
5.739710395074333338e-01
5.724752511669910504e-01
5.810643525759229266e-01
5.819070051820216527e-01
5.818867854427804964e-01
5.814644054121360650e-01
5.787800654910024711e-01
5.739787468942955106e-01
5.719118648109500214e-01
5.721683545695730455e-01
5.659865242076834724e-01
5.561103904430733103e-01
5.588391211917024259e-01
5.608792157394912881e-01
5.245310049306821654e-01
4.803133010915149326e-01
4.433752314074879131e-01
4.225850641251165385e-01
4.180007597439754363e-01
4.177250175140398980e-01
4.174798444799427966e-01
4.174253463343120529e-01
4.176826825346200422e-01
4.179155045153372661e-01
4.182805370324366168e-01
4.179498664115435247e-01
4.173810716913607388e-01
4.158810325747595571e-01
3.905201703524099344e-01
4.162209192260464818e-01
4.175359504995463933e-01
4.178231268879218363e-01
4.182316574753333072e-01
4.507655778002419567e-01
4.189392290452370604e-01
4.237444371612065219e-01
4.249134291426519550e-01
4.318688456273170884e-01
4.279957273724758204e-01
4.277638298307149256e-01
4.289769528142782784e-01
4.704880410917527955e-01
4.378681444086644503e-01
4.315540164366450382e-01
5.398226459210302419e-01
5.552552927231788615e-01
5.559774034330595693e-01
5.636601265869657373e-01
5.663633936136732716e-01
5.768917808242426393e-01
5.757901741871626067e-01
5.655936506020218246e-01
5.380898475995713470e-01
5.006917655337101980e-01
4.861823648489353444e-01
4.736054750746468978e-01
4.553561431630253065e-01
4.404050344956738083e-01
4.633153728234181146e-01
4.359663394211075738e-01
4.410409238922777253e-01
4.590630114197806755e-01
4.803123785243844646e-01
4.919263258020009077e-01
4.950796830587312902e-01
4.885491200254682420e-01
4.919835937909891044e-01
4.828223017286215057e-01
4.675674984400086109e-01
4.420993113963368470e-01
4.329740879604359050e-01
4.343470552242238991e-01
4.360627405985678662e-01
4.608728744266658017e-01
4.980032656861226870e-01
5.133749401025700099e-01
5.192189963417622733e-01
4.849565309777412736e-01
5.692254999766241941e-01
5.769277917946314949e-01
5.772757990665262628e-01
5.770823443353534365e-01
5.772431189494072745e-01
5.773362863874526019e-01
5.775657568743471915e-01
5.815511928867274083e-01
5.760285909826803330e-01
5.719798265757016775e-01
5.771325959169086861e-01
5.773508276108552106e-01
5.767920338345957632e-01
5.749463248901192092e-01
5.692667838674174696e-01
5.749203854125510826e-01
5.312427786930549178e-01
5.853862330901679067e-01
5.729545167575044173e-01
5.769853338502279883e-01
5.712418373765388857e-01
5.769239410351163500e-01
5.764887678895718182e-01
5.763229310045978604e-01
5.786375235851417553e-01
5.739357523686857698e-01
5.765378694059866138e-01
5.703311458130494449e-01
5.496234502703518654e-01
5.167349500941273988e-01
4.970041374707118154e-01
4.726235966054580517e-01
4.392682781164209960e-01
4.251599780613356527e-01
4.244041456693607994e-01
4.289729183150371994e-01
4.240304651193070873e-01
4.725210936134469630e-01
4.218570549704998007e-01
4.182468659043965253e-01
4.791684907430429075e-01
4.222780659301357264e-01
4.249354776978686021e-01
4.234290726605118294e-01
4.234731321677875915e-01
4.240751186913919168e-01
4.351016099854146946e-01
4.377992179763919856e-01
4.323188738067728631e-01
4.359383937296065215e-01
4.418528340090667195e-01
4.605285487536910916e-01
4.636251699087583500e-01
4.443370097854164591e-01
4.543212519837754870e-01
4.960326660266490828e-01
5.156794499127554943e-01
5.249767668462343995e-01
5.414500274259528290e-01
5.650083645908396957e-01
5.694697712560909952e-01
5.766475433622997304e-01
5.726550894786099910e-01
5.730055323398672851e-01
5.769415849000784080e-01
5.770086935622121826e-01
5.813737257010994641e-01
5.772149279306317826e-01
5.775509190236775003e-01
5.774663017129957332e-01
6.309308799703724491e-01
5.804637382348881713e-01
5.774050951451583646e-01
5.774922609546163654e-01
5.809716451748925259e-01
5.771484798366629532e-01
5.751482900955171562e-01
5.748826411117398116e-01
5.703869567142100250e-01
5.636766850445027455e-01
5.614589382476533608e-01
5.487223292225087423e-01
5.329651870189648921e-01
5.358967806564034486e-01
5.425582009355980340e-01
5.348953527658413254e-01
4.854693324104003005e-01
4.725587688982216816e-01
4.586181943230824842e-01
4.468915385139727858e-01
4.465487706674393098e-01
4.493225977337713672e-01
3.944116232175901016e-01
4.527134327014538107e-01
4.734789324133142907e-01
4.915545024521458251e-01
5.072871834436959437e-01
5.237304653732156590e-01
5.455056292118418693e-01
5.191134539956127059e-01
5.426197518922668550e-01
5.425091205849352782e-01
5.395144696476930068e-01
5.536188722059889322e-01
5.184340314588697929e-01
5.184466356546565402e-01
5.055409975777832576e-01
5.005455036248830369e-01
5.041868109562468447e-01
5.061475647915265608e-01
5.308172451929094038e-01
5.479019696327454003e-01
5.513371073424555568e-01
5.529881001110612537e-01
5.504318822764338037e-01
5.306028839213018378e-01
5.121234769092297689e-01
5.017656536300139081e-01
4.805296852526629858e-01
4.678889753644459026e-01
4.604763179156322050e-01
4.413211386964651650e-01
4.348059255162624037e-01
4.349882152622730480e-01
4.354330843192597555e-01
4.355574108182355686e-01
4.355567395938397812e-01
4.355680441173376272e-01
4.109905540676859204e-01
4.652759801717984978e-01
4.353909878593271165e-01
4.352942577388472234e-01
4.353227546913752688e-01
4.353711795591260758e-01
4.351709896690866275e-01
4.360468099283991705e-01
4.472840363921157802e-01
3.937158368453007595e-01
4.368085535889765225e-01
4.358966349412818908e-01
4.359021175872510589e-01
4.354657320593710024e-01
4.351414875456499631e-01
4.345524438342416307e-01
4.333321858269347793e-01
4.201722073254008372e-01
4.359283881675336536e-01
4.403421018443021140e-01
4.484287265882928031e-01
4.583320033746366429e-01
4.857416562240560731e-01
5.294307224461963779e-01
5.463101970657999740e-01
5.546471953404009669e-01
5.557071585040243011e-01
5.641670036461770010e-01
5.636585011231862730e-01
5.546018659439119203e-01
5.545599307215450802e-01
5.626279542059550165e-01
5.524789808122293477e-01
5.522134622136993798e-01
5.648765313787054154e-01
5.597660074772538019e-01
5.644918469569268904e-01
5.641391428413514708e-01
5.629893653353501559e-01
5.001401792108300937e-01
5.571390191375229506e-01
5.544328827229463297e-01
5.451085063213447768e-01
5.283245986099727176e-01
5.205258723252916830e-01
5.239836584929464802e-01
5.744561271726039697e-01
4.969589838679081550e-01
4.911094028580574866e-01
4.840027706587882728e-01
4.594237097464746178e-01
4.454741646314700487e-01
4.393901680446326008e-01
4.347809114751353121e-01
4.350024655703557119e-01
4.548301157388769944e-01
4.355388828405470925e-01
4.358736207230872184e-01
4.365558465566763413e-01
4.364878793001380486e-01
4.360322939556791066e-01
4.355302548439444754e-01
4.271210076713845005e-01
4.277689755083695644e-01
4.362452168405089870e-01
4.368960916032295083e-01
4.379254703614726685e-01
4.077559067351570476e-01
4.367041686792109134e-01
4.380212485945247369e-01
4.422471952197077893e-01
4.397042016750004612e-01
4.480004370084346155e-01
4.647828132475861351e-01
4.830101268101377188e-01
4.794268298702347719e-01
4.722340584440961608e-01
4.771768169879370691e-01
4.626654412213389578e-01
5.075004783316381385e-01
5.258798691553470128e-01
5.475685713831487389e-01
5.546875107771466196e-01
5.581132530153314342e-01
5.598495462780171961e-01
5.371891271661307643e-01
5.071117553552574320e-01
4.958607214056282575e-01
4.792732090178796200e-01
4.560887079579326597e-01
4.495473200353571341e-01
4.533411042138140168e-01
4.439188390678298068e-01
4.531506231371434379e-01
4.860327820612420080e-01
4.904493927065816661e-01
5.110749209466766141e-01
4.956422027019177778e-01
4.827681325661037359e-01
4.848924839116234287e-01
4.760167649257223133e-01
4.637326184689207764e-01
4.506311075352886775e-01
4.476314766357554764e-01
4.539636142076001746e-01
4.557975551276894910e-01
4.640237460074660980e-01
5.045675610035034175e-01
5.203867416224670084e-01
5.247911565637105591e-01
5.610236233581676890e-01
5.544194442914182064e-01
5.142377990343319771e-01
5.597926112154170131e-01
5.783211437381409192e-01
5.642942670251334114e-01
5.644490058524105347e-01
5.644913452106297136e-01
5.647546659545721326e-01
5.654159607058567572e-01
5.665805558697214472e-01
5.611289049120510297e-01
5.632057827717689147e-01
5.641716988624807527e-01
5.643738848819245257e-01
5.641983667897052523e-01
5.625018915796955454e-01
5.629944580297632228e-01
5.668998852267856936e-01
5.711183574237341798e-01
5.565189717737411002e-01
5.549943139781672308e-01
5.495353885962941387e-01
5.520522340644649084e-01
5.635570597078073396e-01
5.633981940483689943e-01
5.790875515189800593e-01
5.547056191759476285e-01
5.525203073002437071e-01
5.583954357907745525e-01
5.510318906481495027e-01
5.356290644839474258e-01
5.144031077995036005e-01
4.777092978121504907e-01
4.539868633856948277e-01
4.460602079815823573e-01
4.394193565012177727e-01
4.426219020416691796e-01
4.424895276372000086e-01
4.361734617191667107e-01
4.405375120716680248e-01
4.357323246456890620e-01
4.357807897016404697e-01
4.357666409618592418e-01
4.392727522718055666e-01
4.394619236107643045e-01
4.361130112186498708e-01
4.374751015358064876e-01
4.406734602211969665e-01
4.487965185134421553e-01
4.469846738733633806e-01
4.532765969524811256e-01
4.757980847144545056e-01
4.928633856747864916e-01
4.971136684036474573e-01
5.117574781548441809e-01
5.180252327996067718e-01
5.605224537402184737e-01
5.225032017383246519e-01
5.457686412168183399e-01
5.598484370143297362e-01
5.555541458542045952e-01
5.461614818453615072e-01
5.642335057225951189e-01
5.619664798143442219e-01
5.611997241103717782e-01
5.606757364902691387e-01
5.645621778842428995e-01
5.738440446203669776e-01
5.740239473709591866e-01
5.645506074924317996e-01
5.641274054983843600e-01
5.620676327600702127e-01
5.703964017862587221e-01
5.709983540526738510e-01
5.648946123295420785e-01
5.535671828081349943e-01
5.690155534974141727e-01
5.655135309522337783e-01
5.626438164971505618e-01
5.585692569015709985e-01
5.843084790070280921e-01
5.368258903005516114e-01
5.121303451517456029e-01
4.652271493829213678e-01
4.953841115513049620e-01
4.828608100469337638e-01
4.891674559538521927e-01
5.014734913009482042e-01
4.842861889250247298e-01
4.707353529293344385e-01
4.483770621496200315e-01
4.344499856505139590e-01
4.445355806428255008e-01
4.700879866692619369e-01
4.890968683532186945e-01
4.970999611059088164e-01
5.320378015728204346e-01
5.599189505285662172e-01
5.654465628286002854e-01
5.659991226154659216e-01
5.592946990217402270e-01
5.918306501527367258e-01
5.176397687521572255e-01
5.164859071105316612e-01
5.124577010047631775e-01
5.034864715101843302e-01
5.053299858930696553e-01
5.145667251076924131e-01
5.223575128499680087e-01
5.432827851556929488e-01
5.619509949982751662e-01
5.640700242979626022e-01
5.671423683767821133e-01
5.281459292688239771e-01
5.376925790596076560e-01
5.190996056474808107e-01
4.483626292685697345e-01
4.493521712441435612e-01
4.418569197461628129e-01
4.318821906905300767e-01
4.453000540942875229e-01
4.342600647529180624e-01
4.213850625991226173e-01
4.204849391970010286e-01
4.228945756689738156e-01
4.227587291634411493e-01
4.226662461652767044e-01
4.226785988004090333e-01
4.227919170549537808e-01
4.227343822628578662e-01
4.225195815389268805e-01
4.225279467674428191e-01
4.224726709134457581e-01
4.224520938756102240e-01
4.225512686535053963e-01
4.338710242209858903e-01
4.232694951399784133e-01
4.292206361344242938e-01
4.275799754484488346e-01
4.742296834981536979e-01
4.235532251632865286e-01
4.854402363523752650e-01
4.224171861371767145e-01
4.221776836561630386e-01
4.200083030682001950e-01
4.217002451346636427e-01
4.881120789059630871e-01
4.235252444360579349e-01
4.265758142139801645e-01
4.483615342908532364e-01
4.837277936564313707e-01
5.038332634791213849e-01
5.292458016316876623e-01
5.616200004172979821e-01
5.754399898331273855e-01
5.767310642729653880e-01
5.418945669887821337e-01
5.769643421536538863e-01
5.720535493478960953e-01
5.760315352807561240e-01
5.763537639803864021e-01
5.718607873875725112e-01
5.770580784550444209e-01
5.557906541259558519e-01
5.769825529004525277e-01
5.788825228854146410e-01
5.837306152687166128e-01
5.788505105232922832e-01
5.692639582390348618e-01
5.458098855644895053e-01
5.257406577690788563e-01
5.174824167180722689e-01
5.065551162287831310e-01
4.774635466023093855e-01
4.546321593747445489e-01
4.523465998448450986e-01
4.570998853296232567e-01
4.478805144065748367e-01
3.885898661502383833e-01
4.336286281316437119e-01
4.275782286036851065e-01
4.852952267418376153e-01
4.205606491945294567e-01
4.229443231686352278e-01
4.238241138003341346e-01
4.256155346735467915e-01
4.242759660058557647e-01
3.647296256652302615e-01
4.233587341995724840e-01
4.226659410864338495e-01
4.231265528458947323e-01
4.195650112286787303e-01
3.837262479584866992e-01
4.235623329212265253e-01
4.273498133883848471e-01
4.311909749303874939e-01
4.253528155592307680e-01
4.236587880244564452e-01
4.254544485528664044e-01
4.320689761261110595e-01
4.563047074057103858e-01
4.791235056328821962e-01
4.920578607676022731e-01
5.123111694251005765e-01
5.356442125155060907e-01
5.408603137244087922e-01
5.145263917362763451e-01
4.100421095803642446e-01
4.948330968519613626e-01
5.352012704649861119e-01
5.675413592814877450e-01
5.797118526038100850e-01
5.745282192242193720e-01
5.489849567472699921e-01
4.609786084667130135e-01
4.625141949001761454e-01
4.360140252783207271e-01
4.333366286409173762e-01
4.273363154020090593e-01
4.214868251344179306e-01
4.226864200022280027e-01
4.413795463231330318e-01
4.845606668967815112e-01
5.292205014929871609e-01
5.465137768103127680e-01
5.234387101516188023e-01
4.934071080732523873e-01
4.694508224612841674e-01
4.483676304782476807e-01
4.297456945949081897e-01
4.290025729203572613e-01
4.256831905173451558e-01
4.224427752928506252e-01
4.290232926810924052e-01
4.502348997858333646e-01
4.901368700513640819e-01
5.392981298546710711e-01
5.716825740135282885e-01
5.663962974323828448e-01
5.736397812467481927e-01
5.787388584391117696e-01
5.816667145528795491e-01
5.815352154079438396e-01
5.816541997218698246e-01
5.821280384472817815e-01
5.823572685686795314e-01
5.824036247927865118e-01
5.823628706254408982e-01
5.822479482597410216e-01
5.823266108980502676e-01
5.823947490991574494e-01
5.822836837166300850e-01
5.822672770315161506e-01
5.822260968485822863e-01
5.819217193685235490e-01
5.810208481553778004e-01
5.820972354251456871e-01
5.818942836719456224e-01
5.547576035215170398e-01
5.748383975983515359e-01
5.767703290447983022e-01
5.728950569409341220e-01
5.786801079401850956e-01
5.790278813630609367e-01
5.791118959776704322e-01
5.786976885545649374e-01
5.456514585051646105e-01
5.779940263989340465e-01
5.786441893020142224e-01
5.589031924190823730e-01
5.285381710302061720e-01
4.991372165253504800e-01
4.581597468489360114e-01
4.237638837861677499e-01
4.193583796684956511e-01
4.205051309450665853e-01
4.228539938566526768e-01
4.204278013403289771e-01
4.285191018866352786e-01
4.282576076734070925e-01
4.188178085183769106e-01
4.177755466506454241e-01
4.185001488261654856e-01
4.204785523282142945e-01
4.190173247294234904e-01
4.190629773589889528e-01
3.704608090712452340e-01
4.191016908435297728e-01
4.204504642727245334e-01
4.733078471417591082e-01
4.674050399687582624e-01
5.080385468807190330e-01
5.521133066662673450e-01
5.647734052496405921e-01
5.606020543774019593e-01
5.633559430290628889e-01
5.707331413683027765e-01
5.739641144801153061e-01
5.873855662765838925e-01
5.779662029874310658e-01
5.773226365463115517e-01
5.718396099725007176e-01
5.778611340438676303e-01
5.803263414929349384e-01
5.763526253559481116e-01
5.578443169222189191e-01
5.842131734864121073e-01
5.898325014850718251e-01
5.846471426698094387e-01
5.823562147045671100e-01
5.779763537668802797e-01
5.787862751128859395e-01
5.866949742281344360e-01
5.841844755365481756e-01
5.832666421126906364e-01
5.457347269636992904e-01
5.822979629948972224e-01
5.821749991700018168e-01
5.814895710413274799e-01
5.749859923304938558e-01
5.506860032990374965e-01
5.123053383380208325e-01
4.672843610050163576e-01
4.368189071596501605e-01
4.389295039788677633e-01
4.416428228706172909e-01
4.960638573801895435e-01
6.982880467048280249e-01
6.466902139170145336e-01
4.734555904276869787e-01
3.397736874869262680e-01
3.005844648275403097e-01
2.986397465975483834e-01
3.224839238774731554e-01
4.372037957588012502e-01
6.142661902574277910e-01
7.019689428182274149e-01
6.737095529025577401e-01
6.860952171674556954e-01
6.952795273270069298e-01
7.013507149258022544e-01
6.881112009094444426e-01
6.078772406700515551e-01
4.353095938861363257e-01
3.039330802704613976e-01
3.585236729578002435e-01
4.265079522237696930e-01
5.723854278082638469e-01
6.050660020850782139e-01
6.977158335326876237e-01
6.868700551175963565e-01
6.863554445604058696e-01
6.964420480365238753e-01
7.013858735155947821e-01
6.894031735861307908e-01
6.071797529062952226e-01
4.335078565221576197e-01
3.199327961773478779e-01
3.022602294293950664e-01
3.157194857130269927e-01
3.083090932988255539e-01
3.048839897025462653e-01
3.020510003824016243e-01
3.008939640334608034e-01
3.013147824878400494e-01
3.007865263173185033e-01
3.008460661949944881e-01
3.009504092983414925e-01
3.010442330116277487e-01
3.009904553908536728e-01
3.008104504347387520e-01
3.007474077433504034e-01
3.008248117765403018e-01
3.008189539440501159e-01
3.008007489114434829e-01
3.007636206434164405e-01
3.012685618497729090e-01
3.023768917269786249e-01
3.072237517126282791e-01
3.073958268946933581e-01
3.014217260583363922e-01
3.010181392855511007e-01
3.002442962542827276e-01
2.996928029277068362e-01
3.106605721433128853e-01
2.986378233570634588e-01
3.064315891436446559e-01
3.074988823113944392e-01
2.996854071436806932e-01
2.932190122343755756e-01
3.705019495692309928e-01
4.338995168206484232e-01
5.625519638758533780e-01
6.999227289052114553e-01
7.042614279208172512e-01
6.969616307245818376e-01
6.985622822258036324e-01
7.001970028196451423e-01
6.999620052827513206e-01
6.508473493751195660e-01
6.990417374220405655e-01
6.991350571382710655e-01
6.981609660765965009e-01
6.986516408727361238e-01
6.981840108153468671e-01
7.003095944463622047e-01
7.095130632859257824e-01
7.090788010248783024e-01
7.010345728182342251e-01
6.918748723041312498e-01
6.469518289367321984e-01
5.167618152185072811e-01
3.532990054115077161e-01
3.012353330738614665e-01
3.201783721588427056e-01
3.322904346285370791e-01
3.098479420728516009e-01
3.076799160978916925e-01
3.135922324933656524e-01
3.064127069676467752e-01
3.012895092968360666e-01
3.019828009230529631e-01
3.004616168322352676e-01
3.002909635880677275e-01
2.999173160513910474e-01
3.337131881640177933e-01
3.040439844445442241e-01
3.013009445798749963e-01
3.016262392419074567e-01
3.012645809566204536e-01
3.005483036930566287e-01
3.228811702345505408e-01
3.002396075056440461e-01
3.007706353723299531e-01
3.021496401240080787e-01
3.111664243763886395e-01
3.103438358496187210e-01
3.026654623344775530e-01
3.009364495889266244e-01
2.991313856154398931e-01
3.101029980582679091e-01
4.009181075964426966e-01
5.737330089214958129e-01
6.931491725211162969e-01
6.945027641089240866e-01
6.654651237530306851e-01
6.675071070438176601e-01
