5.264844024025543412e-01
6.618630447254764126e-01
6.981910495395547978e-01
6.996879359800003417e-01
6.977508129964031802e-01
7.017506517042492176e-01
6.950567624082047979e-01
6.847446798326585204e-01
7.210329171156383277e-01
5.456431019150258521e-01
3.322091022486922673e-01
2.961613549005203128e-01
4.111510295959388550e-01
5.921577309502820130e-01
6.888453648959242948e-01
6.941236633260146061e-01
6.856510363544108255e-01
6.941580539077166767e-01
6.869095855886664381e-01
6.880414676390617101e-01
6.929977109706197957e-01
6.428526723094134532e-01
4.904697139547325446e-01
3.366630265764077312e-01
2.971848461209770087e-01
3.105940561598177219e-01
3.116342859906578444e-01
4.134878014949582847e-01
2.985023396240630289e-01
2.988745709947689400e-01
3.022544275566230176e-01
3.028775017907904266e-01
3.059277940489038006e-01
3.059605852652070856e-01
3.002143513469190950e-01
2.988390455300865001e-01
3.053634028377987253e-01
3.730582278601777824e-01
5.412335794864108207e-01
6.824059575550893708e-01
7.024033164639349458e-01
6.866483185942369172e-01
6.915921609579701590e-01
6.985759166082133875e-01
6.982056888691667851e-01
6.938508128018409105e-01
6.960229732439083827e-01
6.965760905621320997e-01
6.877248496205726758e-01
6.568258652976516343e-01
5.362447704580652896e-01
3.565753087767444818e-01
2.953693270320348896e-01
2.979987846327898371e-01
3.018810633208489635e-01
3.290774611617613976e-01
3.007161222745242668e-01
3.010573477989927360e-01
3.006047968915563917e-01
3.355730025535078598e-01
2.991532141635569464e-01
2.866823024777080953e-01
2.774675915828539452e-01
2.925263775424475909e-01
3.170211771354319308e-01
3.167913992315721239e-01
3.005178573425480448e-01
3.022029741731302455e-01
3.992635999918353606e-01
3.056083217517500117e-01
3.028085609270367851e-01
3.294931983178392976e-01
4.357607832427600747e-01
6.090817030730271142e-01
7.006926807484197273e-01
7.022472261062836507e-01
6.961097520154505558e-01
6.981104563980140565e-01
6.990452306433875274e-01
6.997563448549158904e-01
6.995976613431083013e-01
6.999446472538737307e-01
6.983580241541114120e-01
6.551466443580256094e-01
6.923878381506208823e-01
6.967191925564041322e-01
5.796343902672814741e-01
6.555737867744725333e-01
6.228706847488072462e-01
7.044974457407666701e-01
6.266067664964135586e-01
4.534973373842238198e-01
3.299248510598427053e-01
2.987974077370817994e-01
3.030032138873179903e-01
3.120974550049077645e-01
3.057919809994646410e-01
3.045653122389829215e-01
4.236771812546829552e-01
3.371383641805518749e-01
3.009281321719624591e-01
3.140225384690140675e-01
4.420000803531728417e-01
6.012712953264346405e-01
6.806852600064361436e-01
6.770566069104887452e-01
6.799143552875699381e-01
6.932900660540710636e-01
6.841032406306531977e-01
6.723504131887496627e-01
6.797525765134644349e-01
6.149064935875063753e-01
4.397684576577164939e-01
3.243711683773704002e-01
2.954262895096644304e-01
3.048702592791929233e-01
3.967461090717723238e-01
3.064222279047693065e-01
2.917679880028186679e-01
3.474213747390526019e-01
4.596192771804322730e-01
4.294700464940625628e-01
4.189915330596741816e-01
4.181135615219996882e-01
4.185150039453297555e-01
3.994515083351415918e-01
4.244213688742318191e-01
4.318382984483939979e-01
4.633963233199491216e-01
5.100997561995641583e-01
5.513596926667904130e-01
5.076523844403874053e-01
4.908875061403625284e-01
4.203880061759053821e-01
4.303994482325212978e-01
4.276709152294361216e-01
4.271683585822182438e-01
4.103235641534805911e-01
4.237496274408792951e-01
4.261107624681323425e-01
4.384072355593909842e-01
4.714512448830701086e-01
5.127996171040136719e-01
5.553634193285008624e-01
5.626231037740244689e-01
5.647097396385932777e-01
5.488444565064012348e-01
5.514908970688544576e-01
5.772299843572524791e-01
5.811977870727109696e-01
5.819285649068084432e-01
5.823133679854789468e-01
5.635054119863041056e-01
5.818712527695178993e-01
5.817878517054007048e-01
5.785055606012388107e-01
5.597028003394294293e-01
5.227944738385232881e-01
4.783871944535638687e-01
4.366386725418985315e-01
4.284221314172430017e-01
4.277468525718649550e-01
4.226060234794551396e-01
4.189851636568067694e-01
4.186491661259673092e-01
4.186168700838318601e-01
4.169453656689672827e-01
4.181000946620015424e-01
5.088233303820058895e-01
4.674998389289862222e-01
5.117936658689009599e-01
5.577479046602521473e-01
5.789160990917814331e-01
5.820953601198104455e-01
5.809252603970632700e-01
5.781184993068464451e-01
5.812041105995719992e-01
5.782068248070861838e-01
5.661483370574720286e-01
5.714815734502129985e-01
5.794030731214641072e-01
6.416711416757958641e-01
6.281351750910475484e-01
5.811760426181158401e-01
5.138197181798639379e-01
5.822881176685074101e-01
5.792611382718576563e-01
5.595937395516183965e-01
5.501693287557679612e-01
5.749274110607907051e-01
5.170885850403892370e-01
5.346920501337185661e-01
4.942198595641409398e-01
4.500048764261313505e-01
4.224368739727729083e-01
4.187425262100935019e-01
4.187311202615576211e-01
4.180693627554208924e-01
4.177176183241254614e-01
4.104875480995929249e-01
4.148611543187967765e-01
4.199850675415841006e-01
4.315863302284881908e-01
4.349698987412158324e-01
4.317771989968020030e-01
4.555632682068934125e-01
4.610241277321430187e-01
4.553317594617780073e-01
4.504032101725256587e-01
4.560855703403546846e-01
5.004194331836142595e-01
5.396100169392690216e-01
5.695667321173707442e-01
5.777571968397751112e-01
5.744313161227069253e-01
5.721947428558062931e-01
5.700301025194631777e-01
5.460472028455019000e-01
5.417383066388152812e-01
5.607131984013222770e-01
5.631643225836996391e-01
5.285769726839576466e-01
4.838418246340110973e-01
4.865010216815173205e-01
4.181315277880616743e-01
4.939744602701785503e-01
4.200705927838381815e-01
4.246876270266726761e-01
4.275846017773027863e-01
5.141855475466733383e-01
4.536628407798452001e-01
5.010432032862736085e-01
5.413695514158524125e-01
5.710667254656188740e-01
5.759222194615386536e-01
5.554426803136788271e-01
5.530653369797849939e-01
5.681054202992261715e-01
5.486519059138839083e-01
4.995438162259911996e-01
5.282408393285229486e-01
5.519584142990054954e-01
5.698828361165473311e-01
5.760883129737152109e-01
5.766649005553379226e-01
5.668806854344824453e-01
5.573085988686272696e-01
5.226364397841567477e-01
5.173687580979533518e-01
5.135024957166424153e-01
5.201164288445628836e-01
5.237913870479908862e-01
5.207409894636857439e-01
5.344281343701908771e-01
5.499328144933645079e-01
5.603703463543308061e-01
5.540937899311054737e-01
5.584473123347487578e-01
6.119300412182743232e-01
5.545942262471345030e-01
5.410014845187669508e-01
5.222267937541872351e-01
5.136308218812524196e-01
4.904335801479621781e-01
5.338939873893107091e-01
4.360395372808888448e-01
4.336572512835806248e-01
4.314745716327452740e-01
4.259365578077792813e-01
4.228341178226809882e-01
4.312902827392300908e-01
4.243132257258847573e-01
4.264188005855665820e-01
4.202690068722512717e-01
4.204786929617356783e-01
4.336751753342053539e-01
4.567855598502260084e-01
4.780299110126982054e-01
4.872304942319222731e-01
5.145977340405004652e-01
5.559899756591997200e-01
5.654903922186550469e-01
5.671147642605511852e-01
5.707141217940955302e-01
5.722682021576062095e-01
5.730105046527250723e-01
5.871655487470521795e-01
5.678115971171175946e-01
5.361796849990020375e-01
5.081641456480430197e-01
4.940553627996510100e-01
4.659608531453831581e-01
4.291399985886579782e-01
4.240373113669181904e-01
3.804538690891723918e-01
4.239685028565389202e-01
4.299392760698697580e-01
4.229800896312904124e-01
4.885980665456076677e-01
4.178758016284413457e-01
4.200175069967249097e-01
4.228243833137166341e-01
4.158646331239451710e-01
4.252475377835189252e-01
4.340572214158023856e-01
4.273139242150276740e-01
4.262486961707565025e-01
4.270895485886605503e-01
4.268239660892344522e-01
4.330288041451977876e-01
5.483065065442676023e-01
4.790450376210303451e-01
4.958820095701926278e-01
5.291999214128615403e-01
5.623829161582041269e-01
5.750667737091587073e-01
5.760780329954020562e-01
5.760303249591256503e-01
5.769977784625410777e-01
5.775832305211447970e-01
6.077296012699919814e-01
5.718753728448165985e-01
5.661753866837503368e-01
5.626500641996121654e-01
5.427447857704457146e-01
5.304846242368372877e-01
5.392353449216976680e-01
5.426543794220539674e-01
5.177501453380675134e-01
4.891559116223557213e-01
4.832375289746110858e-01
4.719738830386530082e-01
4.486220000857104040e-01
4.352793073856096595e-01
4.333544862065814018e-01
4.382218936900562634e-01
4.595336424227064454e-01
4.714839917093107124e-01
4.580279749851631776e-01
4.691818112256458950e-01
4.983953429682950742e-01
5.153577201991844658e-01
5.198897347214063158e-01
5.342352064553208546e-01
6.094635528479519504e-01
5.601369913113145582e-01
5.649563787692821748e-01
5.628901210520098619e-01
5.570807867087017584e-01
5.199932904237366538e-01
4.915312743363391967e-01
4.819572240147602105e-01
4.696996785861353718e-01
4.480552913396796400e-01
4.374434084914229359e-01
4.364640356570272384e-01
4.391919709573932629e-01
4.549350209246000309e-01
4.852274639294727465e-01
5.070658368908308455e-01
4.731365030867571431e-01
4.504584559257738263e-01
4.457572948221043552e-01
4.394242582902821992e-01
4.366895479314241157e-01
4.369499672469475682e-01
4.914162994650146388e-01
4.510755821927154297e-01
4.583033004430470125e-01
4.777397636351558563e-01
5.000385648541282313e-01
4.911816428719203431e-01
4.897275406101832540e-01
4.713356525587583667e-01
4.577850615003822843e-01
4.539516641115809437e-01
4.593107255630587971e-01
4.673503055798337580e-01
4.029038078590669869e-01
4.482264336105195590e-01
4.530313213176006548e-01
4.606940712571953034e-01
4.843658359727933682e-01
5.014222788235027650e-01
4.984501702684288604e-01
5.168388867051469937e-01
5.459224697366668044e-01
5.358476935699231225e-01
5.545276103659773081e-01
5.588801890120851379e-01
5.624127997558214798e-01
5.639121560620142803e-01
5.642345469531443447e-01
5.641534615614319792e-01
5.838373355384095520e-01
5.603962251075159662e-01
5.560300812280257743e-01
5.431704084632479335e-01
5.136090506418116153e-01
4.975564936012782935e-01
4.860162508190515318e-01
4.617458484759198734e-01
4.473290193904987944e-01
4.440308290854282358e-01
4.409841848168965517e-01
4.381722279256693997e-01
4.345031649516554739e-01
4.390009202939111344e-01
4.492461784505725197e-01
4.584352787010935737e-01
4.897063677364131284e-01
5.321100482697719292e-01
5.455719560381687705e-01
5.546014249374512373e-01
5.688943256336772558e-01
5.690563155853891608e-01
5.642534813021020668e-01
5.627409657021732459e-01
5.509963315688095609e-01
5.486228569017991274e-01
5.636762922416631572e-01
5.620403494208962014e-01
5.617424572572653485e-01
5.630128989035689813e-01
5.642767216720027124e-01
5.641896731239763874e-01
5.638232401728970888e-01
5.637089337275589251e-01
5.518752187806672538e-01
5.576892357805521838e-01
5.359401969185414449e-01
5.233791726889973628e-01
5.549152058448889591e-01
4.733632421343239027e-01
4.545489802238219523e-01
4.456773209180556194e-01
4.385205155878867944e-01
4.356709596861816913e-01
4.357546551466277007e-01
4.363794869049478220e-01
4.330870868324528389e-01
4.365602243110693337e-01
4.442932035100484178e-01
4.550184168470076118e-01
4.686577466816599369e-01
4.796464811806537831e-01
4.904599516842859663e-01
4.785466405188008587e-01
4.641813876818230988e-01
5.048004981644227396e-01
5.091404974706167375e-01
5.276236158118887687e-01
5.456267728065713474e-01
5.500057902797492737e-01
5.509782902114741532e-01
5.421593703129409247e-01
5.276122914222558524e-01
5.207372326526487072e-01
5.138726446587111862e-01
5.197248937894974885e-01
5.032295897121840111e-01
4.946146258115348693e-01
4.857479767345817545e-01
4.597747460511576456e-01
4.387221155404806838e-01
4.352827840091682554e-01
4.433528125658651176e-01
4.445636348274044081e-01
4.519688152027122041e-01
4.736254831142781563e-01
4.924343542284125852e-01
5.014476546678492408e-01
5.281848006753886438e-01
5.470190188148841282e-01
5.504435082397497458e-01
5.514658269110297439e-01
5.378339505058485903e-01
5.291426034008663848e-01
5.057622857930477167e-01
5.576910477352736706e-01
5.400203107822744153e-01
5.556585193607060935e-01
5.222092292815371239e-01
5.602996435030226374e-01
5.616716833251195196e-01
5.591730881844416690e-01
5.509245257455841482e-01
5.505704340879992165e-01
5.427553855509639202e-01
5.389528744656788550e-01
4.586028307823423189e-01
5.288013495365880834e-01
5.372240334780260529e-01
5.449833484075031764e-01
5.432554659447125234e-01
5.319623294075946918e-01
5.142349298696419213e-01
5.179401111651789069e-01
5.197987377788133578e-01
5.209139922590416694e-01
5.449819100875838984e-01
5.504233726920345626e-01
5.364854949864311662e-01
5.180154858728500678e-01
5.103927324843797741e-01
4.979618249631766469e-01
4.576525744145348851e-01
4.813500122281857418e-01
4.406133300072861969e-01
4.387917647650385611e-01
4.545533109374516045e-01
4.539444912263430609e-01
4.364178084228507171e-01
4.350127459743277081e-01
4.346414233489471757e-01
4.397329879076870562e-01
4.432291605173743210e-01
4.473686866645228966e-01
4.632635703167671815e-01
4.871545716838975304e-01
4.994020723332843747e-01
5.222041538249615478e-01
5.422103565717782958e-01
5.536761141995323321e-01
5.587187012018375309e-01
5.480998981723035346e-01
5.613334375549646760e-01
5.566295100493318104e-01
5.490493712861923559e-01
5.400964249367380399e-01
5.095024944192790839e-01
4.663488858306296669e-01
4.444165100553815195e-01
4.358467727847906703e-01
4.380016992193107583e-01
4.370449863623561138e-01
4.504803201609283714e-01
4.511095111270317926e-01
4.366759255542327356e-01
4.355977037390413309e-01
4.367057833294515912e-01
4.535990626459812658e-01
4.537346041189646018e-01
4.377306475573177202e-01
4.375857800151684573e-01
4.380596425979924047e-01
4.376056316373764798e-01
4.379312525899252684e-01
4.396524909083970867e-01
4.431745776074200727e-01
4.490150067732689432e-01
4.654885813777843162e-01
4.820309084582150572e-01
5.274036438444315023e-01
5.448450951852789048e-01
5.541830118107570202e-01
5.554290277283837618e-01
5.638268928008445258e-01
5.638585215337702516e-01
5.636118820766211623e-01
5.622170065246919757e-01
5.614520445261236281e-01
5.553182559446645516e-01
5.331302140930123112e-01
5.102565347616453417e-01
5.042571712818062490e-01
4.939471358653602096e-01
4.768236142814653578e-01
4.798037800436908973e-01
4.806534756528276220e-01
4.688980584938627350e-01
4.595061481269755443e-01
4.484344556602983811e-01
4.499364206682015532e-01
4.538524482138130978e-01
5.008841851615920548e-01
4.899782095205837962e-01
5.054038252493173733e-01
5.346593756296385003e-01
5.310933527467022186e-01
5.226808220363258206e-01
5.241867971526477099e-01
5.394114750551468607e-01
5.520213554561184122e-01
5.544710259918032014e-01
5.554722447874735902e-01
5.551933708962336622e-01
5.497991028596694862e-01
5.287244231487596702e-01
5.012301375344969667e-01
4.920296039438984415e-01
4.739595254840709981e-01
4.532819059951389562e-01
4.519601557592379248e-01
4.490350010185102936e-01
4.604325728397756223e-01
4.692277888240432016e-01
4.815435807959927983e-01
5.035087608433228556e-01
5.107287491758931708e-01
4.317089700192922597e-01
4.360756099560862964e-01
4.315055945590226538e-01
4.239129587485251927e-01
4.232320880477075664e-01
4.234553071616919961e-01
4.234497233639505365e-01
4.266447249905557793e-01
4.773978311142923481e-01
4.513877394342572513e-01
4.756463671710901009e-01
4.567360802618564142e-01
4.540568758820701656e-01
4.550269698985178191e-01
4.689946268119570272e-01
4.806143221134203114e-01
4.775874433459504909e-01
4.749429563388335995e-01
4.758688676529362338e-01
4.773068521626838145e-01
4.241520702313806845e-01
4.418509737951214489e-01
4.444983782394162919e-01
4.784644470396614002e-01
4.481502373450236276e-01
5.160440306520257536e-01
5.533543048221124527e-01
5.498149351306410582e-01
5.718851759206163843e-01
5.761358170381479793e-01
4.846429453019570066e-01
5.734870868334258631e-01
5.760564116227455678e-01
5.766417898096348749e-01
5.762449468855809220e-01
5.729680239263641450e-01
5.678881087972967867e-01
5.670715318056710474e-01
5.522226438247416214e-01
5.132342890750868358e-01
4.669307741916844390e-01
4.780098555488000445e-01
4.524407504769097921e-01
4.331130097280032620e-01
4.265365650875305725e-01
4.257130108949023217e-01
4.225995691509336627e-01
4.268635261250571244e-01
4.505323067392099090e-01
4.856259917364636469e-01
5.011625617788033615e-01
5.279885518656998178e-01
6.204441291968848526e-01
5.767236975930103426e-01
5.799372806719986784e-01
5.758494119251035270e-01
5.016188049725559539e-01
5.765453943996737829e-01
5.703416163001429062e-01
5.765751908726157726e-01
5.755241328622124897e-01
4.894457734338318877e-01
5.769972418988773555e-01
5.796399309898050412e-01
5.865641564138571740e-01
5.809402585260137197e-01
5.791687179477268410e-01
5.832735592878943720e-01
5.780127446187914853e-01
5.708291551484722115e-01
5.380595505375130871e-01
5.133703140447726243e-01
4.968084547641734017e-01
4.704075272100654015e-01
4.371395709759057224e-01
4.242914583110868332e-01
4.236286043983222283e-01
4.236035383772145946e-01
4.227908750368096769e-01
4.235820836979443671e-01
4.265496506385547115e-01
4.253296383746786313e-01
4.616470555217706551e-01
4.689608026359906590e-01
4.865452574915331563e-01
5.163015200630306500e-01
5.409965617172758368e-01
5.448864548370921934e-01
5.360189183825595505e-01
5.427484618366523739e-01
5.593154176046961634e-01
5.628163391616856082e-01
5.625574266686313996e-01
5.508544736751227466e-01
5.241980729532050853e-01
5.140962763421256243e-01
5.071321961843570092e-01
3.966980828898061251e-01
4.236458828404374155e-01
4.587472369665966387e-01
4.648970816670372486e-01
4.495605350598730343e-01
4.404138833785393170e-01
4.431651134157758576e-01
4.269627461740004848e-01
4.287157044855985366e-01
4.429122167075540961e-01
4.680628135058190198e-01
4.820093158998365324e-01
4.952006953467165129e-01
5.328998345082989196e-01
5.626116521559894057e-01
5.655486004151569768e-01
5.648647115450911027e-01
5.541834382053885122e-01
5.320717664638339173e-01
5.154088209909362117e-01
5.044077550176829794e-01
4.738020695854818221e-01
4.378841048134595737e-01
5.767429270057342627e-01
5.702372256123987571e-01
5.698242136796876078e-01
5.797426211797171991e-01
5.805969962903948511e-01
5.801660232009991924e-01
5.784818922215734238e-01
6.403133363025163005e-01
5.669842615648561512e-01
4.935944174717206701e-01
5.601144155431697635e-01
5.701828089651466147e-01
4.887928815235357827e-01
5.698826285797877755e-01
5.500043910223928467e-01
5.128430391419198653e-01
4.666509443052213046e-01
4.440008531844081840e-01
4.846546566957601887e-01
5.279112166641926063e-01
5.636973827260889358e-01
5.719528823652137994e-01
5.713788666744623601e-01
5.565454954460855586e-01
5.807868996058342947e-01
4.840665567495533450e-01
4.436540025766702589e-01
4.228819252143010132e-01
4.195193397096574905e-01
4.231359474003881793e-01
4.310098148937056006e-01
4.401990641388352499e-01
4.191732299684888807e-01
4.184772155843428099e-01
4.184846952282122445e-01
4.190845358454741154e-01
4.227509343285438259e-01
4.277629567660407583e-01
4.305312723965389887e-01
4.216112085997835157e-01
4.904093741863543854e-01
5.300971073120764876e-01
5.823164965223023293e-01
5.745578126887821435e-01
5.534515480411652533e-01
5.533449335704359040e-01
5.767248249557865858e-01
5.802373839567146474e-01
5.700487331377576128e-01
5.315211775595017896e-01
4.868044660366070420e-01
4.863122227749159254e-01
3.830324395853861863e-01
4.172640210570140451e-01
4.197321438446035002e-01
4.220091458539312335e-01
4.281528964163414663e-01
4.216266910626612074e-01
4.190421391307784238e-01
4.192234637109988893e-01
4.223399582366192950e-01
4.297933166061126409e-01
4.228085107322558933e-01
4.207537793031082551e-01
3.465537194829508838e-01
4.198110836520133060e-01
4.196601223182644946e-01
3.565247851907675791e-01
4.201188178696713682e-01
4.210470115781375644e-01
4.637045615608456073e-01
4.753761138237631578e-01
5.090041022074638377e-01
5.539752117214626903e-01
5.764293867154641759e-01
5.683203808994591322e-01
5.684820304032238703e-01
5.802172678838124487e-01
5.819535381504837845e-01
5.821518416886934943e-01
5.650763751575385019e-01
5.754938124093609275e-01
5.479548172543222684e-01
5.864140138487017317e-01
4.605343422685592714e-01
4.460253930320294824e-01
4.480505295241501429e-01
4.394301484443895456e-01
4.312167422161073405e-01
4.294324769670878061e-01
4.412186808274452532e-01
4.385596347911970838e-01
4.238463757211079486e-01
4.306435926032544104e-01
4.596795095594631286e-01
4.989952096143013827e-01
5.489829045433270993e-01
5.765171576725401925e-01
5.693598105225177175e-01
5.663828215282096235e-01
5.709033012749088476e-01
5.721494205540618161e-01
5.729097388058258522e-01
5.191080610006059137e-01
5.796994013903062903e-01
5.799632465347884791e-01
5.711931134976161450e-01
5.417756186587242562e-01
5.016298424123215582e-01
4.536380074223986814e-01
4.289548487199264515e-01
4.292889666213596800e-01
4.354186252271451396e-01
4.329761585429825477e-01
4.440804542827450629e-01
4.652825284817235230e-01
4.763198854858375353e-01
5.115702460626316839e-01
5.639081563703757238e-01
5.719466801933127398e-01
3.094952468123599587e-01
2.794949966310770195e-01
3.578185487977920687e-01
3.000974786516557580e-01
3.002065434526332566e-01
3.010905203248916973e-01
3.005322822035432218e-01
2.882548801091351920e-01
2.901370457819489324e-01
3.247414428875754489e-01
3.958635365579856180e-01
3.114568794916037220e-01
3.324782667123623581e-01
3.262783919341620265e-01
3.158937398315921352e-01
4.020880085996707543e-01
5.828849883942764931e-01
7.081599368874600398e-01
6.801935915834625979e-01
5.134751545169207176e-01
3.563619552460296491e-01
3.076885991497163020e-01
3.084322073234821993e-01
2.975891238760595137e-01
3.541885846415983030e-01
4.272611311737931072e-01
6.035544379366868384e-01
6.798776768594598785e-01
7.012459862696557300e-01
6.971571964229212881e-01
6.960923315871286876e-01
6.940189336121074248e-01
6.956001823786304161e-01
6.989526715537726087e-01
6.982949351244092107e-01
6.989539485419249409e-01
6.994512405883023254e-01
6.925177183066162367e-01
6.889588406461648606e-01
6.970414359797821868e-01
6.782619234956582810e-01
4.760060867822394903e-01
3.544980450904099412e-01
2.950367297876090311e-01
2.975396725719579027e-01
4.155942403931029427e-01
3.025750978914214517e-01
2.981584284812172636e-01
2.936946890483246864e-01
3.188320886152580247e-01
4.566057022641750174e-01
6.285190511036652383e-01
7.022447644484486329e-01
7.075341793945476576e-01
6.983568325606674954e-01
6.981393413961418659e-01
6.990851749849751329e-01
6.980794351940132758e-01
6.979154468914031684e-01
6.979317661701049946e-01
6.982932672064379176e-01
6.983454968658359130e-01
6.984984312120797734e-01
7.004840818779336509e-01
7.152891714180512617e-01
7.148529380047561332e-01
7.025937804945497911e-01
7.126249103204633784e-01
7.092227481425089630e-01
7.026151903442966473e-01
7.038310255316382325e-01
5.960630106955009389e-01
5.443120222186677015e-01
3.683124901726047562e-01
2.964270730544127375e-01
2.970739846620135682e-01
3.591925354240119161e-01
3.004111235636826027e-01
2.994774118185115075e-01
3.014466577038005801e-01
3.041934936210167750e-01
3.027606721660488498e-01
3.215662173466509177e-01
4.132731786147356701e-01
6.033488943527751669e-01
7.009121165928619002e-01
6.376336850497363873e-01
6.669190189945541913e-01
6.819690484777897188e-01
6.959106877685192760e-01
6.852355433077729208e-01
6.270368231723045804e-01
6.977248021992079607e-01
7.020693440901487614e-01
6.663189711075495625e-01
5.357102067668099155e-01
3.667458177390326979e-01
2.972165478700197205e-01
3.145248305882964446e-01
3.306473480037128709e-01
3.142180426163929674e-01
3.144240263285781323e-01
3.173424218813367115e-01
3.225098830054977661e-01
3.148255813430500538e-01
3.014024769964077644e-01
2.986518809758741400e-01
3.233288672747395842e-01
4.386020101117970582e-01
6.181513547936482444e-01
7.023196741749409000e-01
6.937089085675733902e-01
6.872905170373941885e-01
6.544175092231127033e-01
7.049559961958373755e-01
6.128826743194026871e-01
5.898124931034923746e-01
5.442941516656141232e-01
3.111547470440467755e-01
2.982039272643013383e-01
