5.615242371633213381e-01
5.582822794033320823e-01
5.518363058335739035e-01
5.485540685423234697e-01
5.519602573083782771e-01
5.606866899064613108e-01
5.705985175955592403e-01
5.779726809424328149e-01
5.813278771481813489e-01
5.811495702290098153e-01
5.785717800702110392e-01
5.745963652703804936e-01
5.700613300601020672e-01
5.655684484238560072e-01
5.612675505689731503e-01
5.570949232836727161e-01
5.533201319797762530e-01
5.505161142366916671e-01
5.489768488648660849e-01
5.487056910649942276e-01
5.502540754991279703e-01
5.550690704864907898e-01
5.643257210423251458e-01
5.772481823520368982e-01
5.909063815089100613e-01
6.020205429776446238e-01
6.090306962880530639e-01
6.124828098364846207e-01
6.138515780327000737e-01
6.143241957777668683e-01
6.144409312104107679e-01
6.143241957894691740e-01
6.138515780301593283e-01
6.124828097573112862e-01
6.090306960320598373e-01
6.020205424475493228e-01
5.909063806960085374e-01
5.772481813964889241e-01
5.643257201819962265e-01
5.550690699126756833e-01
5.502540752392540702e-01
5.487056909866820931e-01
5.489768487917279227e-01
5.505161140851786428e-01
5.533201318151343973e-01
5.570949232451756217e-01
5.612675507042279577e-01
5.655684485630910752e-01
5.700613298646668436e-01
5.745963644590523778e-01
5.785717786687788466e-01
5.811495686345737877e-01
5.813278759056199618e-01
5.779726803701570326e-01
5.705985175763325090e-01
5.606866900400870879e-01
5.519602572754918057e-01
5.485540683324429123e-01
5.518363056585539050e-01
5.582822794203423644e-01
5.615242372899251766e-01
5.582822794203105010e-01
5.518363056567956448e-01
5.485540683279603869e-01
5.519602572700839094e-01
5.606866900380723662e-01
5.705985175819225930e-01
5.779726803843562299e-01
5.813278759252813455e-01
5.811495686544616568e-01
5.785717786847019983e-01
5.745963644694453976e-01
5.700613298698636866e-01
5.655684485638434733e-01
5.612675507014527332e-01
5.570949232409956320e-01
5.533201318131548696e-01
5.505161140885277415e-01
5.489768488004267422e-01
5.487056909973803132e-01
5.502540752479432307e-01
5.550690699176916709e-01
5.643257201845991444e-01
5.772481813989738253e-01
5.909063806993904988e-01
6.020205424509006420e-01
6.090306960339114672e-01
6.124828097575051311e-01
6.138515780300528579e-01
6.143241957903107231e-01
6.144409312119132327e-01
6.143241957786715890e-01
6.138515780325564108e-01
6.124828098362928852e-01
6.090306962889082687e-01
6.020205429791560814e-01
5.909063815095529915e-01
5.772481823511854682e-01
5.643257210416494640e-01
5.550690704890297589e-01
5.502540755066867018e-01
5.487056910761137773e-01
5.489768488753904441e-01
5.505161142428440790e-01
5.533201319810566732e-01
5.570949232827607789e-01
5.612675505689369571e-01
5.655684484257148537e-01
5.700613300628893931e-01
5.745963652728640625e-01
5.785717800721142945e-01
5.811495702308415723e-01
5.813278771503946896e-01
5.779726809449236002e-01
5.705985175977996704e-01
5.606866899079152589e-01
5.519602573087857289e-01
5.485540685417887863e-01
5.518363058325700399e-01
5.582822794025592561e-01
5.072687081280219390e-01
5.075896821382290813e-01
5.078994164237461417e-01
5.077228204354229391e-01
5.067569309462528482e-01
5.051217525819091669e-01
5.033326995669799020e-01
5.019867151756092216e-01
5.014184104630903249e-01
5.016240631295055818e-01
5.024242943645628179e-01
5.036063642671267937e-01
5.049476055334994884e-01
5.062062723404946452e-01
5.071631125103158722e-01
5.077101682126690108e-01
5.079156207600242778e-01
5.079817703775193483e-01
5.080660725134313882e-01
5.080589623414456524e-01
5.075245333588935814e-01
5.059267500379160953e-01
5.030057313745331937e-01
4.990290942963403475e-01
4.947404020198502561e-01
4.909981448256459657e-01
4.883226913729991070e-01
4.867282305878062876e-01
4.859264879817796756e-01
4.856116587791642347e-01
4.856116587819875319e-01
4.859264879973320128e-01
4.867282306352711529e-01
4.883226914766457538e-01
4.909981450008538140e-01
4.947404022561493475e-01
4.990290945535412748e-01
5.030057316011350421e-01
5.059267501966590030e-01
5.075245334421432108e-01
5.080589623715189296e-01
5.080660725273400402e-01
5.079817704033954273e-01
5.079156208015462859e-01
5.077101682532565441e-01
5.071631125342681568e-01
5.062062723578788503e-01
5.049476055914621231e-01
5.036063644313261145e-01
5.024242946711443558e-01
5.016240635400287529e-01
5.014184108697321562e-01
5.019867154689494626e-01
5.033326997125839863e-01
5.051217526301798877e-01
5.067569309712306458e-01
5.077228204746939699e-01
5.078994164695619373e-01
5.075896821686118887e-01
5.072687081392377451e-01
5.072687081391976660e-01
5.075896821686196603e-01
5.078994164698454883e-01
5.077228204752246565e-01
5.067569309714567982e-01
5.051217526291528204e-01
5.033326997095335376e-01
5.019867154639630069e-01
5.014184108638799486e-01
5.016240635347315457e-01
5.024242946673810328e-01
5.036063644293042874e-01
5.049476055908033167e-01
5.062062723579975332e-01
5.071631125346560687e-01
5.077101682536000471e-01
5.079156208017140406e-01
5.079817704033801062e-01
5.080660725271882727e-01
5.080589623712598035e-01
5.075245334417606280e-01
5.059267501961222102e-01
5.030057316004514778e-01
4.990290945527768307e-01
4.947404022554287573e-01
4.909981450003410575e-01
4.883226914764412507e-01
4.867282306352975763e-01
4.859264879974007356e-01
4.856116587820026309e-01
4.856116587791937667e-01
4.859264879819198968e-01
4.867282305880290538e-01
4.883226913731961716e-01
4.909981448257861869e-01
4.947404020199983599e-01
4.990290942965233678e-01
5.030057313746885139e-01
5.059267500379629467e-01
5.075245333587895535e-01
5.080589623412083977e-01
5.080660725131407318e-01
5.079817703772788740e-01
5.079156207599021533e-01
5.077101682126615723e-01
5.071631125103646109e-01
5.062062723405268416e-01
5.049476055334553015e-01
5.036063642669619256e-01
5.024242943642436288e-01
5.016240631290223018e-01
5.014184104624970217e-01
5.019867151750342371e-01
5.033326995665630132e-01
5.051217525817084386e-01
5.067569309462198746e-01
5.077228204354633512e-01
5.078994164237879971e-01
5.075896821382489543e-01
5.072687081280266019e-01
5.033565195049711782e-01
5.050458049650542458e-01
5.070671786582432450e-01
5.084328086340307307e-01
5.092838582090806199e-01
5.101677705017262365e-01
5.112944313341466485e-01
5.123925843437264760e-01
5.129973780550127760e-01
5.128509559705104470e-01
5.120219282933358151e-01
5.106926072853521514e-01
5.090052290174852390e-01
5.071831787056115814e-01
5.056116325996425909e-01
5.045893597887108895e-01
5.040762624882922927e-01
5.038699014623182482e-01
5.039686037717773237e-01
5.045732399348716868e-01
5.057667763850169917e-01
5.073691368333310692e-01
5.091241311685321680e-01
5.109120411342342738e-01
5.127141453864735299e-01
5.144217724995211460e-01
5.157988992152592322e-01
5.166684358506610231e-01
5.170665310041560048e-01
5.171840072206818073e-01
5.171840072191535853e-01
5.170665309946151922e-01
5.166684358212535466e-01
5.157988991563503545e-01
5.144217724141437742e-01
5.127141452903856145e-01
5.109120410422800518e-01
5.091241310829287547e-01
5.073691367480257508e-01
5.057667762991309157e-01
5.045732398599522828e-01
5.039686037263881868e-01
5.038699014581971003e-01
5.040762625173635936e-01
5.045893598194786112e-01
5.056116325910491316e-01
5.071831786344458415e-01
5.090052288937834124e-01
5.106926071403876666e-01
5.120219281549357460e-01
5.128509558437904792e-01
5.129973779209059392e-01
5.123925841839604978e-01
5.112944311635059247e-01
5.101677703674014630e-01
5.092838581503464912e-01
5.084328086449545481e-01
5.070671786894704880e-01
5.050458049612484013e-01
5.033565194549812771e-01
5.033565194546505417e-01
5.050458049605814903e-01
5.070671786890759147e-01
5.084328086451945783e-01
5.092838581512462159e-01
5.101677703688133336e-01
5.112944311653153662e-01
5.123925841861898256e-01
5.129973779235733611e-01
5.128509558466559648e-01
5.120219281574709402e-01
5.106926071420867519e-01
5.090052288945916548e-01
5.071831786348711679e-01
5.056116325917157095e-01
5.045893598204722608e-01
5.040762625181626211e-01
5.038699014583687408e-01
5.039686037262063323e-01
5.045732398601499025e-01
5.057667763001338912e-01
5.073691367495655191e-01
5.091241310843297452e-01
5.109120410430564307e-01
5.127141452906269770e-01
5.144217724143516079e-01
5.157988991568694948e-01
5.166684358219048034e-01
5.170665309949651345e-01
5.171840072190980742e-01
5.171840072206044248e-01
5.170665310044428864e-01
5.166684358511988151e-01
5.157988992155762009e-01
5.144217724994053498e-01
5.127141453862897880e-01
5.109120411345584589e-01
5.091241311695384741e-01
5.073691368345965014e-01
5.057667763858941790e-01
5.045732399350870701e-01
5.039686037717333589e-01
5.038699014627396888e-01
5.040762624894628008e-01
5.045893597901415228e-01
5.056116326005960504e-01
5.071831787058526109e-01
5.090052290173934235e-01
5.106926072854203191e-01
5.120219282937374938e-01
5.128509559711048604e-01
5.129973780555797669e-01
5.123925843441350381e-01
5.112944313343781300e-01
5.101677705018258235e-01
5.092838582091214761e-01
5.084328086340939024e-01
5.070671786583732521e-01
5.050458049652069015e-01
5.033565195050412333e-01
5.035149062815867937e-01
5.033676302756475707e-01
5.029521926309710178e-01
5.023121879900219744e-01
5.014767910737684131e-01
5.005093077846409777e-01
4.995516251649197992e-01
4.987738846739016019e-01
4.983174674612212973e-01
4.982966262543797042e-01
4.987770556731012661e-01
4.997117984245629252e-01
5.009095700108010529e-01
5.020926566252459367e-01
5.030289069720803585e-01
5.036403348155504833e-01
5.039985077795472446e-01
5.042193984693197351e-01
5.043466102829625708e-01
5.043097643113846340e-01
5.039726444849740306e-01
5.032182299383707313e-01
5.020386033890379407e-01
5.005877972096650641e-01
4.991008963078883420e-01
4.977356725356375522e-01
4.965593915157042182e-01
4.956517186532358732e-01
4.950864088923707662e-01
4.948303560390455713e-01
4.947664572381882397e-01
4.948303560421001279e-01
4.950864089072382623e-01
4.956517186881411186e-01
4.965593915694513916e-01
4.977356726001905818e-01
4.991008963775489526e-01
5.005877972807598608e-01
5.020386034530479602e-01
5.032182299846467144e-01
5.039726445095624729e-01
5.043097643188314549e-01
5.043466102814380125e-01
5.042193984654821381e-01
5.039985077761273136e-01
5.036403348136366809e-01
5.030289069766040733e-01
5.020926566473797870e-01
5.009095700637977711e-01
4.997117985155347109e-01
4.987770557963233653e-01
4.982966263922363748e-01
4.983174675920345464e-01
4.987738847783935725e-01
4.995516252312305339e-01
5.005093078155563591e-01
5.014767910846759102e-01
5.023121879957062053e-01
5.029521926392158671e-01
5.033676302891280097e-01
5.035149062978786505e-01
5.033676302892202692e-01
5.029521926393977216e-01
5.023121879959255853e-01
5.014767910847495180e-01
5.005093078151976460e-01
4.995516252302337201e-01
4.987738847767706485e-01
4.983174675899957329e-01
4.982966263901473236e-01
4.987770557946216710e-01
4.997117985145169694e-01
5.009095700634467185e-01
5.020926566474308572e-01
5.030289069767761578e-01
5.036403348138029923e-01
5.039985077763153853e-01
5.042193984657545869e-01
5.043466102817655283e-01
5.043097643190819213e-01
5.039726445096064378e-01
5.032182299844650819e-01
5.020386034527695163e-01
5.005877972806122012e-01
4.991008963776842888e-01
4.977356726004744103e-01
4.965593915695635241e-01
4.956517186880140535e-01
4.950864089072268825e-01
4.948303560425313385e-01
4.947664572388880133e-01
4.948303560395259648e-01
4.950864088924488704e-01
4.956517186532430341e-01
4.965593915160093075e-01
4.977356725361802292e-01
4.991008963083333194e-01
5.005877972098378148e-01
5.020386033890289479e-01
5.032182299383527457e-01
5.039726444850555209e-01
5.043097643115664885e-01
5.043466102831519748e-01
5.042193984694161024e-01
5.039985077795414714e-01
5.036403348155360504e-01
5.030289069721711748e-01
5.020926566254764190e-01
5.009095700110841598e-01
4.997117984247478883e-01
4.987770556730930505e-01
4.982966262542091740e-01
4.983174674610054700e-01
4.987738846737463927e-01
4.995516251648643435e-01
5.005093077846661798e-01
5.014767910738265888e-01
5.023121879900677156e-01
5.029521926309872271e-01
5.033676302756460164e-01
5.025750451196846491e-01
5.027717149477293201e-01
5.035334182407618098e-01
5.049305979528366795e-01
5.065649159461692586e-01
5.079622189820729439e-01
5.089099489023978240e-01
5.094000163310907769e-01
5.094974933178300081e-01
5.092375708540524126e-01
5.085802554170035794e-01
5.074969621252355401e-01
5.061028303429617736e-01
5.046468886351069827e-01
5.033494282204273862e-01
5.023095246897701927e-01
5.015900063280296362e-01
5.012798764121928485e-01
5.014038872033892424e-01
5.018530252602977360e-01
5.024685938340132108e-01
5.031470367141152034e-01
5.038406501248072766e-01
5.045052277312966904e-01
5.050782999382190663e-01
5.055124353501552203e-01
5.058157600897086326e-01
5.060344976368834624e-01
5.062002940675528473e-01
5.063109488638113387e-01
5.063504217991382506e-01
5.063109488608661390e-01
5.062002940616827651e-01
5.060344976287449725e-01
5.058157600801252984e-01
5.055124353389613967e-01
5.050782999249514571e-01
5.045052277171964139e-01
5.038406501131627024e-01
5.031470367093576757e-01
5.024685938409922947e-01
5.018530252826742810e-01
5.014038872412969194e-01
5.012798764610455482e-01
5.015900063804111797e-01
5.023095247393423168e-01
5.033494282618817817e-01
5.046468886615317340e-01
5.061028303484726987e-01
5.074969621090152927e-01
5.085802553834197770e-01
5.092375708133325407e-01
5.094974932846030313e-01
5.094000163150300686e-01
5.089099489005359800e-01
5.079622189842727398e-01
5.065649159460248185e-01
5.049305979506030218e-01
5.035334182420263538e-01
5.027717149594528312e-01
5.025750451380521788e-01
5.027717149594003176e-01
5.035334182418573779e-01
5.049305979503723174e-01
5.065649159458817108e-01
5.079622189843382429e-01
5.089099489008721555e-01
5.094000163156084948e-01
5.094974932852888161e-01
5.092375708139538215e-01
5.085802553838645323e-01
5.074969621092735306e-01
5.061028303485948232e-01
5.046468886615385063e-01
5.033494282617247961e-01
5.023095247390052531e-01
5.015900063800424746e-01
5.012798764608751290e-01
5.014038872413982828e-01
5.018530252828992122e-01
5.024685938411552755e-01
5.031470367094075247e-01
5.038406501131778015e-01
5.045052277172803468e-01
5.050782999251290928e-01
5.055124353391491354e-01
5.058157600802142273e-01
5.060344976287218799e-01
5.062002940616464608e-01
5.063109488609065512e-01
5.063504217992256251e-01
5.063109488638410927e-01
5.062002940674869000e-01
5.060344976368064129e-01
5.058157600897257300e-01
5.055124353502622458e-01
5.050782999383113259e-01
5.045052277312932487e-01
5.038406501247398861e-01
5.031470367141024358e-01
5.024685938341610925e-01
5.018530252605910569e-01
5.014038872036672423e-01
5.012798764122899930e-01
5.015900063279563614e-01
5.023095246896850385e-01
5.033494282204304948e-01
5.046468886351449523e-01
5.061028303429464525e-01
5.074969621251665952e-01
5.085802554169445155e-01
5.092375708540481938e-01
5.094974933178770815e-01
5.094000163311583895e-01
5.089099489024577760e-01
5.079622189821114686e-01
5.065649159461789175e-01
5.049305979528118105e-01
5.035334182407126269e-01
5.027717149476886860e-01
5.012486685634716110e-01
5.012232777360734470e-01
5.007954602493714935e-01
4.996319232844838032e-01
4.978051810104984209e-01
4.957842890199205543e-01
4.941925743341952781e-01
4.935153964081921973e-01
4.938472522860594127e-01
4.948739635428017203e-01
4.961722250245432786e-01
4.975833387199300462e-01
4.993208608660048009e-01
5.016771819330707594e-01
5.045684872689313316e-01
5.073783161828772093e-01
5.093021698873225755e-01
5.099029208730934126e-01
5.093844119288406525e-01
5.083563284825911577e-01
5.073433326051405290e-01
5.064813090726991707e-01
5.055890676011848273e-01
5.045026487097434842e-01
5.033752231767343321e-01
5.025854105379471415e-01
5.023110976040650044e-01
5.023455471681391726e-01
5.023936757362406080e-01
5.023795833009289113e-01
5.023795833071607042e-01
5.023936757459113167e-01
5.023455471670390526e-01
5.023110975953064550e-01
5.025854105427068896e-01
5.033752232075092703e-01
5.045026487518051717e-01
5.055890676282490670e-01
5.064813090715705179e-01
5.073433325782101821e-01
5.083563284351710898e-01
5.093844118611696725e-01
5.099029207832477262e-01
5.093021697796349390e-01
5.073783160708743578e-01
5.045684871689685158e-01
5.016771818586409637e-01
4.993208608284555039e-01
4.975833387273633224e-01
4.961722250738286322e-01
4.948739636120756402e-01
4.938472523400808667e-01
4.935153964229147538e-01
4.941925743209534261e-01
4.957842890134715463e-01
4.978051810288520729e-01
4.996319233099200119e-01
5.007954602449605774e-01
5.012232776755349839e-01
5.012486684568239204e-01
5.012486684568019379e-01
5.012232776754954600e-01
5.007954602449551373e-01
4.996319233100005031e-01
4.978051810290448631e-01
4.957842890136967551e-01
4.941925743210431321e-01
4.935153964228091716e-01
4.938472523398704794e-01
4.948739636117921448e-01
4.961722250734218465e-01
4.975833387270099384e-01
4.993208608286902050e-01
5.016771818599757848e-01
5.045684871713430608e-01
5.073783160735308995e-01
5.093021697816042526e-01
5.099029207840691802e-01
5.093844118612198546e-01
5.083563284352887734e-01
5.073433325789645787e-01
5.064813090728137457e-01
5.055890676292722485e-01
5.045026487520248848e-01
5.033752232072210564e-01
5.025854105430165308e-01
5.023110975969117264e-01
5.023455471691992136e-01
5.023936757471809678e-01
5.023795833071792449e-01
5.023795833009170320e-01
5.023936757374616313e-01
5.023455471703121011e-01
5.023110976057790777e-01
5.025854105384329751e-01
5.033752231766339680e-01
5.045026487101188506e-01
5.055890676023231389e-01
5.064813090740332147e-01
5.073433326059569870e-01
5.083563284826793094e-01
5.093844119286647931e-01
5.099029208734264795e-01
5.093021698885991100e-01
5.073783161848177681e-01
5.045684872707744129e-01
5.016771819341810934e-01
4.993208608663386450e-01
4.975833387199994906e-01
4.961722250249417376e-01
4.948739635437328643e-01
4.938472522872618953e-01
4.935153964092406365e-01
4.941925743348323796e-01
4.957842890201598074e-01
4.978051810105239006e-01
4.996319232844924629e-01
5.007954602494593122e-01
5.012232777362013447e-01
5.012486685635328953e-01
5.033045166421575844e-01
5.053973717496091922e-01
5.086458680204908323e-01
5.119760743382983925e-01
5.146911170253731793e-01
5.165480496208559869e-01
5.176305747626458453e-01
5.180597867122949118e-01
5.178139523916867049e-01
5.168002440704032585e-01
5.150076880878446950e-01
5.125821195121551543e-01
5.098094565987879578e-01
5.070552059461990169e-01
5.046932188415902409e-01
5.030224301519952146e-01
5.022059997719344748e-01
5.022710242217985899e-01
5.031101566576553497e-01
5.044429220841321060e-01
5.058418292969928398e-01
5.069041304226614697e-01
5.074446900434079755e-01
5.075402434240532390e-01
5.074075153003932970e-01
5.072376562618262641e-01
5.071162415142715929e-01
5.070466135098743443e-01
5.070075574031909227e-01
5.069879313640512919e-01
5.069879313644962693e-01
5.070075574034293986e-01
5.070466135083914194e-01
5.071162415127477008e-01
5.072376562665210642e-01
5.074075153179675723e-01
5.075402434537151786e-01
5.074446900738983635e-01
5.069041304410089044e-01
5.058418293042458158e-01
5.044429221038267963e-01
5.031101567256591744e-01
5.022710243609466163e-01
5.022059999708228251e-01
5.030224303662089724e-01
5.046932190186582678e-01
5.070552060564724739e-01
5.098094566471176314e-01
5.125821195249770090e-01
5.150076880927311196e-01
5.168002440811203524e-01
5.178139524048792630e-01
5.180597867193420525e-01
5.176305747656724243e-01
5.165480496342134131e-01
5.146911170600971808e-01
5.119760743885589660e-01
5.086458680677468092e-01
5.053973717767261675e-01
5.033045166483712807e-01
5.033045166480462074e-01
5.053973717759516759e-01
5.086458680669206922e-01
5.119760743879859799e-01
5.146911170598817975e-01
5.165480496342675920e-01
5.176305747658309642e-01
5.180597867194972617e-01
5.178139524049933939e-01
5.168002440811481080e-01
5.150076880925816836e-01
5.125821195245536810e-01
5.098094566463807764e-01
5.070552060554847085e-01
5.046932190175823507e-01
5.030224303652330864e-01
5.022059999700738686e-01
5.022710243604768809e-01
5.031101567254652185e-01
5.044429221038386757e-01
5.058418293043300817e-01
5.069041304410319970e-01
5.074446900737930033e-01
5.075402434535063456e-01
5.074075153177481923e-01
5.072376562663830635e-01
5.071162415127059564e-01
5.070466135083686599e-01
5.070075574033320320e-01
5.069879313643133045e-01
5.069879313638654406e-01
5.070075574030845633e-01
5.070466135098352645e-01
5.071162415142109747e-01
5.072376562616778273e-01
5.074075153001840199e-01
5.075402434238704963e-01
5.074446900433147167e-01
5.069041304226497013e-01
5.058418292970069396e-01
5.044429220841204486e-01
5.031101566576104966e-01
5.022710242217450771e-01
5.022059997718679725e-01
5.030224301518533281e-01
5.046932188413166820e-01
5.070552059458162120e-01
5.098094565983795068e-01
5.125821195118016593e-01
5.150076880875935625e-01
5.168002440702672562e-01
5.178139523916458486e-01
5.180597867123123423e-01
5.176305747626833709e-01
5.165480496208798566e-01
5.146911170253583023e-01
5.119760743382387735e-01
5.086458680204051230e-01
5.053973717495332529e-01
5.033045166421270533e-01
5.872302331772003559e-01
5.753375075180644505e-01
5.438478521883760575e-01
5.028780185306043204e-01
4.630807988060971492e-01
4.314134959316330287e-01
4.104423331947268938e-01
4.002273838363089586e-01
4.005593451954134743e-01
4.119202415794127603e-01
4.346156126312309964e-01
4.668608840179130359e-01
5.036076906783891749e-01
5.376513030537818372e-01
5.628022022480472231e-01
5.768160485028127615e-01
5.816803710765022783e-01
5.812262714405342923e-01
5.783448220362559233e-01
5.740514466655531889e-01
5.685851437115025941e-01
5.628429883259929989e-01
5.585502400148688595e-01
5.571489167160170730e-01
5.586055491865085099e-01
5.613642022301794654e-01
5.636185283229476761e-01
5.646476710772738716e-01
5.648684734546596253e-01
5.648883151547932080e-01
5.649012061139351282e-01
5.648883151360797328e-01
5.648684734537445795e-01
5.646476711024923656e-01
5.636185283151378123e-01
5.613642021162797979e-01
5.586055489726527989e-01
5.571489165040585112e-01
5.585502399168223997e-01
5.628429883653335297e-01
5.685851437950981691e-01
5.740514466351874789e-01
5.783448217563292859e-01
5.812262708662194743e-01
5.816803702717703306e-01
5.768160476111910961e-01
5.628022014306210963e-01
5.376513024225841875e-01
5.036076902692697699e-01
4.668608838168500919e-01
4.346156126131915931e-01
4.119202417128198235e-01
4.005593454056525227e-01
4.002273839712833792e-01
4.104423330661336466e-01
4.314134954444724390e-01
4.630807980657264400e-01
5.028780178108572807e-01
5.438478517634949272e-01
5.753375074629716313e-01
5.872302332911820688e-01
5.753375074685719293e-01
5.438478517723895900e-01
5.028780178195932926e-01
4.630807980712670635e-01
4.314134954454310611e-01
4.104423330632795408e-01
4.002273839671872668e-01
4.005593454038117729e-01
4.119202417167484587e-01
4.346156126252195273e-01
4.668608838364942670e-01
5.036076902924826459e-01
5.376513024433974275e-01
5.628022014445775989e-01
5.768160476178894047e-01
5.816803702743889026e-01
5.812262708684861057e-01
5.783448217595970053e-01
5.740514466381010372e-01
5.685851437958779897e-01
5.628429883642827036e-01
5.585502399166487608e-01
5.571489165076026762e-01
5.586055489798571472e-01
5.613642021234921398e-01
5.636185283184126371e-01
5.646476711019984274e-01
5.648684734538562680e-01
5.648883151402931402e-01
5.649012061206118984e-01
5.648883151592237750e-01
5.648684734549721531e-01
5.646476710767442952e-01
5.636185283259482759e-01
5.613642022370717299e-01
5.586055491935668638e-01
5.571489167196960191e-01
5.585502400150619273e-01
5.628429883253811550e-01
5.685851437125992724e-01
5.740514466684707440e-01
5.783448220389793004e-01
5.812262714413523046e-01
5.816803710763693847e-01
5.768160485053477338e-01
5.628022022569769689e-01
5.376513030699099360e-01
5.036076906985711421e-01
4.668608840368441149e-01
4.346156126445691048e-01
4.119202415858521649e-01
4.005593451965251961e-01
4.002273838348407997e-01
4.104423331928990781e-01
4.314134959304127825e-01
4.630807988054393975e-01
5.028780185301173766e-01
5.438478521878726824e-01
5.753375075176963005e-01
