5.378652341295322437e-01
5.469931833444415803e-01
5.504780048263869796e-01
5.665135159253665842e-01
5.787639905119781325e-01
7.639239101401514853e-01
6.077393307736043138e-01
5.705775545461709841e-01
5.550510004206954395e-01
5.481159300389584210e-01
5.480165427962422342e-01
5.357752182740402880e-01
5.652945858753053443e-01
5.706994467686072880e-01
5.893956886311078058e-01
6.041917642076919392e-01
5.908017186163264656e-01
5.608140151818177266e-01
5.098782937394257253e-01
4.574466905961607210e-01
2.767941616254489534e-01
5.244201275362705417e-01
5.795692459605552571e-01
6.082312773957547769e-01
5.972553927139069296e-01
5.641670270540625198e-01
5.644797676964736777e-01
5.667703224278506369e-01
5.776155585482968258e-01
5.820870212301982871e-01
5.527648008413922343e-01
5.114035538061808550e-01
4.828692894245534273e-01
4.561496152452187980e-01
4.857272292970071792e-01
5.478858751274919836e-01
5.808908107889838579e-01
5.617000372597726887e-01
5.346342052375471221e-01
5.265973537650471270e-01
5.659432144093123895e-01
5.850847495393078912e-01
5.735635927414876045e-01
5.573941630533382208e-01
5.250004331397392088e-01
5.335774078596362546e-01
5.526833779580699879e-01
5.664066365582218765e-01
5.623728624861896730e-01
5.292844259662878859e-01
5.328605834472418534e-01
5.354406858545591730e-01
5.798256057893400595e-01
7.069977208654335543e-01
6.613759231373697034e-01
5.299913987405286964e-01
4.839977119184947218e-01
4.468191164977989294e-01
4.185168485586678866e-01
4.055650993020095685e-01
4.027765596551120542e-01
4.198255348132351461e-01
4.253667735777840742e-01
4.269982412560722196e-01
4.798543787645108694e-01
5.005842439933396726e-01
5.393078752707146650e-01
5.962387664157773326e-01
6.054376085850401434e-01
5.848569264548943991e-01
5.520420797551199854e-01
4.576007373412260826e-01
7.557031723320977168e-01
5.778033112049953957e-01
5.397791977954817799e-01
4.962441926060152664e-01
4.547964481071570253e-01
4.260036226130045622e-01
4.142142830286997812e-01
4.090213449093911269e-01
4.070290499551265651e-01
4.081868232269535435e-01
4.318182158598971587e-01
4.265929211953264355e-01
3.975953654051032071e-01
4.062170315459076031e-01
4.346213879133061786e-01
4.814461035035010883e-01
5.404375915007679776e-01
5.690575594523971104e-01
5.899068584333594378e-01
5.947761158651438951e-01
5.759979608068381829e-01
5.665544185149516965e-01
5.673648305800177427e-01
5.815863468442499240e-01
5.689193483077332747e-01
5.605927699321002766e-01
5.550073833847104510e-01
5.538441152091593267e-01
5.616958748826293979e-01
5.671770642116517047e-01
5.720563378973746449e-01
5.726216400460124589e-01
5.794520969558974999e-01
5.894227833877309086e-01
5.892075087194301730e-01
5.559817754099269926e-01
5.220848486496207919e-01
4.659414939854018001e-01
4.182379556623063710e-01
3.998833205055638551e-01
4.324205305828194290e-01
4.819949625303734386e-01
5.204472925851433285e-01
5.828097579043618470e-01
5.926604881946400116e-01
5.973404237502046854e-01
5.791468566202426782e-01
5.411001141376514667e-01
5.098062119608633980e-01
5.094456610267559249e-01
5.052010103528157270e-01
4.990657030593943499e-01
4.675943171421326205e-01
3.915337258997218517e-01
5.030755055092273054e-01
5.055398791547797144e-01
5.064360902733703318e-01
5.087188656042036516e-01
5.099585051393933366e-01
5.095129654594174884e-01
5.071780932404138520e-01
5.028934793177022300e-01
4.990986259551449256e-01
4.998825431895956295e-01
5.081728099121259890e-01
5.217326049825339318e-01
4.927545658154472985e-01
5.286174541274413219e-01
5.202479645118086582e-01
4.035559112201358989e-01
4.931464635190002110e-01
4.969056851312138035e-01
5.011725038715046932e-01
5.055885499106304026e-01
4.126680841283622003e-01
5.121188970082846126e-01
4.987007913854639707e-01
5.120705484687384512e-01
5.113415699867061015e-01
5.137269338886296666e-01
5.201837077029105583e-01
5.660172540308050504e-01
6.477271052674473673e-01
5.185982405893682090e-01
5.103653782940978934e-01
5.094307658459902299e-01
5.099254922513274391e-01
5.571971794737222705e-01
5.069214702778750414e-01
5.059911791322451169e-01
5.085104532939281885e-01
5.108044503502127132e-01
5.111998081460884524e-01
5.100117522587357399e-01
5.086804270218214796e-01
5.086123729748769362e-01
5.089519700071116759e-01
5.094360720677413301e-01
5.093098778835850604e-01
5.075239388192209766e-01
4.908573820744603355e-01
4.713170925540121070e-01
4.985461344445198395e-01
5.156528924192360641e-01
5.308050128485148900e-01
5.211587332372945580e-01
5.188107540083332081e-01
5.186677153326908485e-01
5.181365480165993631e-01
4.349298098728414108e-01
5.174007355565379829e-01
5.157633889456041398e-01
4.016586375922193142e-01
6.155143201356212401e-01
5.023721332722599353e-01
4.974781301249801002e-01
4.967162727864595784e-01
4.995509796895754029e-01
5.126778451138227499e-01
5.562038428262154888e-01
4.894463241449272806e-01
5.229153725844162270e-01
5.132923434595970669e-01
5.096685053399625520e-01
5.055555480428319814e-01
5.138757546309137281e-01
5.170330190326035691e-01
5.176152958855724240e-01
5.178882081823006356e-01
5.177326534068225072e-01
3.923806507633552099e-01
5.185851270983137251e-01
5.182377919639211683e-01
5.161300694557510171e-01
5.135248611534118934e-01
5.111253057897415797e-01
5.080028826638518513e-01
5.042088929495467386e-01
5.012466210602382066e-01
5.013288291743187575e-01
5.039806716642855067e-01
5.064058695837569957e-01
5.084741559712846470e-01
5.063419221351393995e-01
5.058403647564533312e-01
5.050532734869801477e-01
5.055620647269485346e-01
5.073797150736684136e-01
5.108389578746671544e-01
5.182575967284956953e-01
5.067512627946695325e-01
4.982211444641482245e-01
4.993203679686815111e-01
5.013936877367615175e-01
5.046582089984898989e-01
5.087372393321996089e-01
5.119051899124300586e-01
5.121995429492419705e-01
5.069147233378616946e-01
5.145967846413214142e-01
4.106383875557531038e-01
5.126912877422431514e-01
5.065075281807216445e-01
5.020858131375179889e-01
5.029763115291867592e-01
5.033276683837086818e-01
5.001482925261584445e-01
5.063875172308490713e-01
5.050889820680386499e-01
4.713919370977873169e-01
4.945498534505000099e-01
5.117335803433000763e-01
6.367018170002395339e-01
5.267746887348717655e-01
5.155603436006512830e-01
4.979853161438907994e-01
4.932234698344244439e-01
5.263339154803838849e-01
5.323647313332197095e-01
5.105128036004047409e-01
5.111741432263764429e-01
5.136544326293411844e-01
5.064223436887538288e-01
5.033744910190347532e-01
5.060614518786001881e-01
3.751033502165522782e-01
5.045901305605979825e-01
5.094849809464677692e-01
5.112989853375959903e-01
4.990177714497357475e-01
4.869679872845718016e-01
4.882205362481769062e-01
5.125071238248875005e-01
5.183279381301748590e-01
5.194614822977642321e-01
5.022691881722189944e-01
3.962283326888441093e-01
4.946574559543582827e-01
4.979530965706906454e-01
5.019369069959800367e-01
4.825003408155932316e-01
4.896470487165175411e-01
4.521524325942761213e-01
4.019459301024354003e-01
4.965697585067614384e-01
5.051959131540315617e-01
5.096746421111246761e-01
4.881416153179622408e-01
4.987308059442142061e-01
5.049173816262295666e-01
5.058302145375332959e-01
4.974192161202813933e-01
4.976368701238587100e-01
5.014716893558983646e-01
4.985604686228299887e-01
4.967319124775941841e-01
4.786449178743208410e-01
4.834346398822908508e-01
5.077264979917184284e-01
5.358890315851134734e-01
5.474036756228891631e-01
5.001202447587946853e-01
4.971097986224990439e-01
5.001665011316246412e-01
3.480788893537113404e-01
4.921770273206758084e-01
4.931789113491772958e-01
4.924012063056289468e-01
4.949854828762619841e-01
5.047060805331093913e-01
5.009223954194781392e-01
5.032176388810390977e-01
5.114646996206009266e-01
4.923143155223508871e-01
4.983416379816454356e-01
5.022691445806384269e-01
5.068318608728700214e-01
5.115579695873344601e-01
5.172320750273421419e-01
5.074402925404515319e-01
4.996342570026736651e-01
3.530123790806394268e-01
4.978003299754596989e-01
5.000928446642789460e-01
5.723109523895585360e-01
4.961382210957744343e-01
4.920406590317731865e-01
4.907445208692038374e-01
4.908795085731700869e-01
4.943747339574101618e-01
5.064605115027844828e-01
4.963097227857682370e-01
4.948451990685771573e-01
4.805112656542525618e-01
4.857805710847032943e-01
5.094637122630273351e-01
5.086183588056352178e-01
4.992153223617745161e-01
5.061278802450366321e-01
5.099711414123297981e-01
5.115703417090990968e-01
5.103096848064463398e-01
4.814321927589949590e-01
5.059817991111961177e-01
5.077039584577376363e-01
5.084003398156535791e-01
5.082720041886971130e-01
5.122173635545240744e-01
5.090570508607900058e-01
4.021935815355878185e-01
5.078707759694792712e-01
5.504822050766042807e-01
5.090874846905811824e-01
5.056516699440034568e-01
4.845881280081845155e-01
4.813613181303608157e-01
4.971372154812796484e-01
5.018282836505683076e-01
5.982694783860443843e-01
5.060831601829418602e-01
5.213485556243228070e-01
5.028626081714162588e-01
5.002128717855511830e-01
5.006938237729765540e-01
5.262709891722110456e-01
5.576673242564222921e-01
5.981941604664492429e-01
5.110852378158600162e-01
5.028515505444002276e-01
5.082281363420577680e-01
5.649186535312051838e-01
5.029083050315229508e-01
4.803695408445504134e-01
4.691367797911614734e-01
5.010753123568654210e-01
5.032304560206232180e-01
5.543977512686206754e-01
5.051747402681310284e-01
4.001284792647768485e-01
5.042857603733742478e-01
5.020534067658242172e-01
5.038664654244977559e-01
5.081193018554122087e-01
5.187799231547673973e-01
5.103607397821345870e-01
5.259949514368322809e-01
5.286965002106553957e-01
5.053321299053532556e-01
5.188605569039718146e-01
4.994204349368074891e-01
5.942694975713587180e-01
4.993374733385526065e-01
4.988838881906281220e-01
5.006482051469558492e-01
5.027912691438894965e-01
5.362739502432154470e-01
5.265156922210979529e-01
5.257263233376860967e-01
5.080989975393855884e-01
5.080324456948082101e-01
5.119318553147986783e-01
5.145338171171409680e-01
5.153788343347232015e-01
5.110110390603268549e-01
5.259994009720208030e-01
5.075300392837742702e-01
5.048339095535360199e-01
5.000247675224732680e-01
4.843550584980930163e-01
4.987150223417793349e-01
5.034047522926220486e-01
5.042203081218157301e-01
5.496785106446757663e-01
5.070091351249018663e-01
5.058371518149362700e-01
5.032664991600870330e-01
5.053963379453044746e-01
6.120598385885647197e-01
5.060928510138289482e-01
5.039176899563991840e-01
3.663857541040371757e-01
4.972114230068332974e-01
4.998062052535391375e-01
5.086415995298537718e-01
5.370992225732689196e-01
5.368709225721270961e-01
5.111570801325417968e-01
5.091215785507068325e-01
5.091608453728140304e-01
5.094795184308553715e-01
5.082153046786337391e-01
5.032086009707534835e-01
4.918033476327973719e-01
4.998324821505356619e-01
5.012157376889726512e-01
5.021999626039286291e-01
5.012143184853452560e-01
4.994767961058189654e-01
4.995942994748002741e-01
4.899149715605677358e-01
4.952028284371635114e-01
5.347846200871941846e-01
5.332923015669129851e-01
5.063901951099689658e-01
4.932857306487793969e-01
4.995543418180018458e-01
5.091481374926771775e-01
5.094664829084645241e-01
5.096867484751210764e-01
5.096080209264589600e-01
5.097386263294754194e-01
5.096422226743954065e-01
5.099147935942220933e-01
5.099728343726404045e-01
5.078146579345714784e-01
5.013299159657385040e-01
4.330536714719538383e-01
5.035600619844859960e-01
5.013066312655831691e-01
5.010635220300512227e-01
5.015684797896375891e-01
5.009320109446040448e-01
5.010513461664241053e-01
4.852112087001579366e-01
4.840661844559366322e-01
4.963986617539753454e-01
5.006864010166630630e-01
5.023346974905309459e-01
4.817314596644269309e-01
5.238751764821578671e-01
5.233710998323928276e-01
4.959339295510064027e-01
4.934213412050687531e-01
5.007293052340482387e-01
5.033638860291042016e-01
5.890624619319837496e-01
5.057168947504699918e-01
5.048342095622196934e-01
4.881200998798129742e-01
4.878973943435333527e-01
5.009925305324698375e-01
4.877305508467155715e-01
4.987862208256015895e-01
5.023788666562332139e-01
5.045038473939713608e-01
3.963149687069445481e-01
3.570462583341921237e-01
4.906060123615009205e-01
5.042503810706862044e-01
5.008804559705732906e-01
4.955424991011975200e-01
5.017704961448020695e-01
5.042239797600533979e-01
5.059392152541122289e-01
5.037231422324525143e-01
5.004159649578939772e-01
4.957389848645562536e-01
5.034277620611460335e-01
5.128539382777428379e-01
5.021667730790211337e-01
5.241409763604147898e-01
4.986809578941820975e-01
4.992265867358083864e-01
3.989470316926708726e-01
4.922386019651422973e-01
5.213426020791085413e-01
4.974568662688997334e-01
4.975775875415535121e-01
4.989781979346923357e-01
5.001522449614259624e-01
4.916710892078379747e-01
4.793404110445964039e-01
4.861563698591471194e-01
5.046130029357960289e-01
5.038323071919179608e-01
4.986929752230179202e-01
5.006364932028066761e-01
5.004940117012723899e-01
4.982113784258945244e-01
4.952410656351291518e-01
4.924743278192789675e-01
5.059746535878336671e-01
4.949820637015318603e-01
5.002260414071977301e-01
4.987969502867593552e-01
5.019972497376228304e-01
4.969726719623905331e-01
4.708625749573812636e-01
6.271105240917119739e-01
5.011539095990034109e-01
4.969637825292615441e-01
5.125764304449182962e-01
4.891227545649979302e-01
4.949718914403831160e-01
4.986097522472378585e-01
5.161921110133104174e-01
4.973757869371854823e-01
4.686894896679009714e-01
4.979431611748602049e-01
5.063627227739104786e-01
5.430427487522172525e-01
5.331585925009996174e-01
4.998741943027704138e-01
5.038960275998926042e-01
5.046357574497390974e-01
4.968036473940788955e-01
4.971891308893382488e-01
4.990222083520851060e-01
5.001009340552573512e-01
5.001721126807794349e-01
5.000959270097350418e-01
5.014470657696057376e-01
6.100715658766022731e-01
5.028104679138205579e-01
5.032257521646084086e-01
5.039845526916101326e-01
5.043677984986001395e-01
5.044013639724266307e-01
5.043912604707284641e-01
5.059822806511602433e-01
5.053892807257147624e-01
5.032859211597306981e-01
5.023628613370213492e-01
5.015807929232662943e-01
5.006384794292011442e-01
4.563117315125061468e-01
5.007820512600218432e-01
5.001494247949116456e-01
4.992708602266523465e-01
4.990366027324120157e-01
4.991001915790387877e-01
4.996337112171011507e-01
4.982464845200096359e-01
4.737046764634336160e-01
4.480579917044477667e-01
4.786678451143766555e-01
6.244708267134779778e-01
4.919970639680739111e-01
4.986433274234328694e-01
5.028578384920970867e-01
5.029406847748233433e-01
5.027348020075010915e-01
5.038556594782068743e-01
6.307716099286150291e-01
5.985217299335957586e-01
5.031522233376019004e-01
5.030493546467529331e-01
5.038739576432702538e-01
5.064107755954254664e-01
5.050309781622520644e-01
5.044276002544051396e-01
5.031372919507637320e-01
4.973416856666386110e-01
4.964775790863953375e-01
4.997828968644770220e-01
4.806078685662065753e-01
4.987220399054527742e-01
5.000845772561715030e-01
5.001477903204902820e-01
5.017994273528201266e-01
5.080353589931982938e-01
6.575175214527086975e-01
5.026167895493746096e-01
5.022367443003603604e-01
5.085466738830839439e-01
5.237766291891362558e-01
5.259989539210393472e-01
5.100128686079034024e-01
5.077966837676102241e-01
5.062606567207816877e-01
5.007250929810442841e-01
5.020791701078415326e-01
4.938711825731224581e-01
5.092749519445092243e-01
5.080323154440266054e-01
5.056714816946192848e-01
5.037164067641930476e-01
5.045672962322660382e-01
5.068746411476151570e-01
5.118866692981324240e-01
5.116948833484690207e-01
5.074479048479115795e-01
5.248525668346990525e-01
5.253261422405149927e-01
5.113756189602128854e-01
5.298212879769710337e-01
5.122027921332131806e-01
5.076252895310240376e-01
5.109625500968583145e-01
5.061256660875769198e-01
5.035718224208722837e-01
6.282090429114650654e-01
5.021239471777445562e-01
5.002737969622272907e-01
5.008347094639533648e-01
5.032768239743088401e-01
5.213716243133356132e-01
5.113283250405473712e-01
5.145320001066928661e-01
5.171107542882076302e-01
5.211834636410476174e-01
5.184034596113856752e-01
5.181040674237717969e-01
5.240450565472667410e-01
5.141736541892372170e-01
5.176161062293584969e-01
5.179277060428213453e-01
5.984556509242476841e-01
4.771750708880189706e-01
5.054218989223813185e-01
5.147530101172187456e-01
5.195141975798119871e-01
5.246863310001559366e-01
5.123776024629438375e-01
5.049833331984179274e-01
5.054991725491555510e-01
5.132122492679873638e-01
5.144363275410182013e-01
5.107290609756724997e-01
5.071494126305177153e-01
3.833969842937771100e-01
5.078178133699086105e-01
5.144003077739329743e-01
4.643481337299452116e-01
5.174964911026989078e-01
5.093675500581813509e-01
5.125390420267370573e-01
5.131939572150967521e-01
5.118239787715500588e-01
5.097357630022676389e-01
5.075479602792232203e-01
4.872204973877545253e-01
4.869197518307994965e-01
5.069806093036978156e-01
5.043251038779184015e-01
5.023059233157893821e-01
5.053640738342974892e-01
5.094134751916861159e-01
5.080684072979771981e-01
5.088006086694971675e-01
5.047270326332489176e-01
5.243020539415204073e-01
5.070876907973420611e-01
5.074715467119583767e-01
5.008655887517300398e-01
5.174881825688864012e-01
5.114337560215136413e-01
5.105195601807672734e-01
5.097171626298251379e-01
5.112859158247810010e-01
5.116023206162371162e-01
5.111722011403581067e-01
5.116935525512702476e-01
6.438811498067145145e-01
6.333300391348484215e-01
4.894485458311794712e-01
4.830648231769172907e-01
5.318121193429150573e-01
5.090028184367528796e-01
5.082139264456398964e-01
5.068492366270800353e-01
5.030642224079615588e-01
4.797455355921962372e-01
4.573773461079283509e-01
4.851530080776524922e-01
5.060618519238843094e-01
5.036951274689963620e-01
4.904476368056500668e-01
4.963847240378547188e-01
5.071639550533951768e-01
5.095226840538207291e-01
5.044608276313562456e-01
5.353998768636466510e-01
5.016859832180351475e-01
5.038955382188107235e-01
5.079734311867892815e-01
5.128266576685671652e-01
5.130715783708458266e-01
5.000093712952601299e-01
5.067348699014686542e-01
4.095957058780216320e-01
4.864753957392058403e-01
5.115592524329257706e-01
5.077923597019120550e-01
5.054392192567477293e-01
5.074149402824061905e-01
5.024967391489747470e-01
5.098516514170082781e-01
5.076866066213663320e-01
5.056476922772179527e-01
5.048008509539390065e-01
5.063916315056454787e-01
5.096619251337140000e-01
5.103832018447254093e-01
5.073805692403622336e-01
5.015917561221533427e-01
4.951480176119220644e-01
4.912766716977702841e-01
4.945879876659206031e-01
5.224731181415488424e-01
5.238813592875852798e-01
4.983548021865256139e-01
4.938123406880595145e-01
4.772321378788596524e-01
5.221414796192167529e-01
5.183822089516989529e-01
4.954457031636085307e-01
4.978112157711601093e-01
4.440464747006364066e-01
5.108374448044691318e-01
5.134588773017333407e-01
5.106717478703761692e-01
5.195122513969964162e-01
5.149000203118265784e-01
5.115559505865154843e-01
5.067272649260798900e-01
5.010809333921457664e-01
4.962697163882588969e-01
4.916048904313038981e-01
4.903862108058099634e-01
5.063922028254674856e-01
5.065672854436499284e-01
4.889098033221903061e-01
4.906060901358155757e-01
5.016541180272409139e-01
5.051934627148326751e-01
4.903198215247820402e-01
4.782010048111833278e-01
4.956278811940743045e-01
4.978265875446514777e-01
5.169584301032903451e-01
5.129561523244737797e-01
3.873586095979254518e-01
4.930087329548876740e-01
4.988400978051626411e-01
5.051003854608193677e-01
5.093938937688949897e-01
5.090143027396620834e-01
5.047527974552750152e-01
5.013374489314995630e-01
5.121308233760544226e-01
5.001667079244594971e-01
4.902848552406608995e-01
4.959497354843018790e-01
5.996940142989988232e-01
5.007603469072521296e-01
5.041502367941035345e-01
5.062607546919043466e-01
5.063173780498526622e-01
5.058403576857229966e-01
5.062314668612830637e-01
5.070624610144746081e-01
5.076980505568858826e-01
5.072497050945193875e-01
5.061232596264302330e-01
5.058594091538451964e-01
5.066737020363408783e-01
5.078285598447006555e-01
5.083688648560094059e-01
5.079119566069377756e-01
5.072108021702765868e-01
5.062788614614973648e-01
5.058258489834031035e-01
5.056930504464181020e-01
5.754862919642036445e-01
5.075289697419206325e-01
5.064715163815922683e-01
5.046224919806157061e-01
5.123297361430481089e-01
5.031369301852782749e-01
5.050423190535354712e-01
5.057184060953827665e-01
5.017745342306276779e-01
4.873916273305768376e-01
4.868697259340447614e-01
4.972556938396770487e-01
4.832576001645383923e-01
4.841870927819466042e-01
5.031640031527844226e-01
5.056178852465756934e-01
5.065749961365435539e-01
5.071434650807080668e-01
5.064912901611108298e-01
5.056171718018391825e-01
5.054540604430413087e-01
5.052989606559969982e-01
5.060258449051628915e-01
6.209386994201552268e-01
5.076405074386969307e-01
5.953348468908792324e-01
4.395612216158576446e-01
5.052792658144614757e-01
5.025737623672998922e-01
5.572554619355197802e-01
4.832477508790950504e-01
4.831635317105726912e-01
5.020919378871059324e-01
5.031095292946293762e-01
5.036399135821920670e-01
4.956788586088205495e-01
5.022865359376307293e-01
5.057410553626771055e-01
5.020191789852861408e-01
4.991342189456522971e-01
4.994191127699277311e-01
5.024627160601128351e-01
5.066657725149059655e-01
5.085963929428596320e-01
5.480015815152791125e-01
5.667068174883278520e-01
5.826808300817059028e-01
5.754670586126542364e-01
5.468673548893920877e-01
5.151327521603539239e-01
5.225781252274300792e-01
5.601520319920672009e-01
6.018397554151194706e-01
6.184675072447578525e-01
5.979829405806388332e-01
5.450042133131425270e-01
3.352096782232638073e-01
5.310580409028498039e-01
5.790991667054843361e-01
6.223866485915043878e-01
7.366022789101973611e-01
4.003093266231651515e-01
5.829308264365979930e-01
6.085761066726719237e-01
6.054587932911367210e-01
5.313486070955469875e-01
4.459223122834712894e-01
3.968479449421821181e-01
3.533119763420717874e-01
4.213521180644905773e-01
4.739583431454415519e-01
5.298035142326174007e-01
5.707295046352535151e-01
5.927657193959317006e-01
6.111843755827603974e-01
6.162740129157581181e-01
6.064148320907046807e-01
4.992120762871246065e-01
6.177346508094254673e-01
6.263130392422870951e-01
6.098688230023510126e-01
5.495537249023116910e-01
5.710791359977597237e-01
6.634951704786093973e-01
5.803967048149756280e-01
5.981828895477561137e-01
5.754413744499236039e-01
4.326269073705694135e-01
6.114190869717089916e-01
6.320031813412338995e-01
6.098217977779680776e-01
5.804047831041037053e-01
5.498599335095324392e-01
5.344041124648497565e-01
5.351791921242845529e-01
5.607925491067722312e-01
5.894244046699568251e-01
5.593539209410272051e-01
6.158247379541335054e-01
6.149061212603347260e-01
5.825174732465749905e-01
5.655330495025446824e-01
5.751249840964924864e-01
5.641665891965507162e-01
5.602767125056206110e-01
5.641075037819957005e-01
5.664441989479060968e-01
5.611940047798176234e-01
5.369760519516293407e-01
5.566849887969429478e-01
5.675822768899272397e-01
5.766455946852141468e-01
5.711153581896661890e-01
5.558317508570074228e-01
5.502559118310921260e-01
5.603883154412840906e-01
5.678465204901359531e-01
5.753523620241183245e-01
5.728601358865513804e-01
5.690970848600105381e-01
5.493435160632423875e-01
5.486361414180873641e-01
5.526947770774928159e-01
5.619745497135975043e-01
5.717685266316806514e-01
5.769500124561092180e-01
5.750175541345744490e-01
5.677486157356346208e-01
5.628642263647812838e-01
5.585037078693363410e-01
5.543610778259989713e-01
5.576314536270209343e-01
5.604148836306379611e-01
7.198637062858208591e-01
5.677007776243608861e-01
5.454657303024923465e-01
5.414509178214201857e-01
5.498180562386405512e-01
5.630422751412752502e-01
5.550086791342582204e-01
5.601551073602453190e-01
5.658273856198963170e-01
5.583340022349385645e-01
5.369650199053239703e-01
5.409119406149668352e-01
5.471015869518620622e-01
5.564729077437513549e-01
5.661198474351754051e-01
5.412988622253489535e-01
5.297942593235932529e-01
5.593651374743788818e-01
7.484195732801859346e-01
5.678742280922495222e-01
5.489056595123966709e-01
5.542394355434340225e-01
5.713261953749639854e-01
6.614650619053232816e-01
5.496765645037986481e-01
5.679239873089345636e-01
5.840869891728792673e-01
5.947536418432115557e-01
5.839787003667507026e-01
5.625545286758177888e-01
5.459223928648552215e-01
