3.002610782142123846e-01
3.002610782142123846e-01
3.002610782142123291e-01
3.002610782142124957e-01
3.002610782142122736e-01
3.002610782142122736e-01
3.002610782142123291e-01
3.002610782142123291e-01
3.002610782142121071e-01
3.002610782142124402e-01
3.002610782142127177e-01
3.002610782142124957e-01
3.002610782142123846e-01
3.002610782142129953e-01
3.002610782142126622e-01
3.002610782142122736e-01
3.002610782142127732e-01
3.002610782142123291e-01
3.002610782142126622e-01
3.002610782142123291e-01
3.002610782142124402e-01
3.002610782142125512e-01
3.002610782142126622e-01
3.002610782142122736e-01
3.002610782142123846e-01
3.002610782142123846e-01
3.002610782142124402e-01
3.002610782142121626e-01
3.002610782142128842e-01
3.002610782142131618e-01
3.002610782142124402e-01
3.002610782142127177e-01
3.002610782142122736e-01
3.002610782142126067e-01
3.002610782142124957e-01
3.002610782142121626e-01
3.002610782142124957e-01
3.002610782142127177e-01
3.002610782142125512e-01
3.002610782142123291e-01
3.002610782142123846e-01
3.002610782142127732e-01
3.002610782142127177e-01
3.002610782142127177e-01
3.002610782142123846e-01
3.002610782142126622e-01
3.002610782142126622e-01
3.002610782142124402e-01
3.002610782142123846e-01
3.002610782142123846e-01
3.002610782142124402e-01
3.002610782142121626e-01
3.002610782142124402e-01
3.002610782142128287e-01
3.002610782142123846e-01
3.002610782142123846e-01
3.002610782142121626e-01
3.002610782142128842e-01
3.002610782142122736e-01
3.002610782142122736e-01
3.002610782142125512e-01
3.002610782142126067e-01
3.002610782142123846e-01
3.002610782142128842e-01
3.002610782142126067e-01
3.002610782142127732e-01
3.002610782142123291e-01
3.002610782142125512e-01
3.002610782142121626e-01
3.002610782142124402e-01
3.002610782142124957e-01
3.002610782142124957e-01
3.002610782142126622e-01
3.002610782142126067e-01
3.002610782142122736e-01
3.002610782142124957e-01
3.002610782142126067e-01
3.002610782142123291e-01
3.002610782142127177e-01
3.002610782142126067e-01
3.002610782142123846e-01
3.002610782142126067e-01
3.002610782142124402e-01
3.002610782142128287e-01
3.002610782142119961e-01
3.002610782142121071e-01
3.002610782142122736e-01
3.002610782142127732e-01
3.002610782142122736e-01
3.002610782142123291e-01
3.002610782142125512e-01
3.002610782142122181e-01
3.002610782142123291e-01
3.002610782142122736e-01
3.002610782142124402e-01
3.002610782142123846e-01
3.002610782142127177e-01
3.002610782142127177e-01
3.002610782142122736e-01
3.002610782142121626e-01
3.002610782142122181e-01
3.002610782142123846e-01
3.002610782142123291e-01
3.002610782142126622e-01
3.002610782142126622e-01
3.002610782142126622e-01
3.002610782142127732e-01
3.002610782142122181e-01
3.002610782142123291e-01
3.002610782142126622e-01
3.002610782142125512e-01
3.002610782142124402e-01
3.002610782142125512e-01
3.002610782142125512e-01
3.002610782142127732e-01
3.002610782142125512e-01
3.002610782142124402e-01
3.002610782142126067e-01
3.002610782142126067e-01
3.002610782142124402e-01
5.831397635309851779e-01
5.831397635309858440e-01
5.831397635309860661e-01
5.831397635309859551e-01
5.831397635309862881e-01
5.831397635309865102e-01
5.831397635309860661e-01
5.831397635309865102e-01
5.831397635309861771e-01
5.831397635309858440e-01
5.831397635309858440e-01
5.831397635309861771e-01
5.831397635309857330e-01
5.831397635309860661e-01
5.831397635309860661e-01
5.831397635309860661e-01
5.831397635309856220e-01
5.831397635309859551e-01
5.831397635309860661e-01
5.831397635309858440e-01
5.831397635309854000e-01
5.831397635309856220e-01
5.831397635309854000e-01
5.831397635309859551e-01
5.831397635309859551e-01
5.831397635309857330e-01
5.831397635309858440e-01
5.831397635309857330e-01
5.831397635309852889e-01
5.831397635309857330e-01
5.831397635309856220e-01
5.831397635309860661e-01
5.831397635309858440e-01
5.831397635309862881e-01
5.831397635309866212e-01
5.831397635309858440e-01
5.831397635309860661e-01
5.831397635309860661e-01
5.831397635309857330e-01
5.831397635309858440e-01
5.831397635309855110e-01
5.831397635309854000e-01
5.831397635309859551e-01
5.831397635309860661e-01
5.831397635309860661e-01
5.831397635309856220e-01
5.831397635309856220e-01
5.831397635309858440e-01
5.831397635309863992e-01
5.831397635309859551e-01
5.831397635309860661e-01
5.831397635309856220e-01
5.831397635309860661e-01
5.831397635309861771e-01
5.831397635309860661e-01
5.831397635309865102e-01
5.831397635309856220e-01
5.831397635309861771e-01
5.831397635309860661e-01
5.831397635309865102e-01
5.831397635309858440e-01
5.831397635309859551e-01
5.831397635309856220e-01
5.831397635309856220e-01
5.831397635309859551e-01
5.831397635309858440e-01
5.831397635309860661e-01
5.831397635309859551e-01
5.831397635309857330e-01
5.831397635309861771e-01
5.831397635309856220e-01
5.831397635309858440e-01
5.831397635309856220e-01
5.831397635309856220e-01
5.831397635309859551e-01
5.831397635309859551e-01
5.831397635309860661e-01
5.831397635309860661e-01
5.831397635309856220e-01
5.831397635309855110e-01
5.831397635309856220e-01
5.831397635309858440e-01
5.831397635309859551e-01
5.831397635309861771e-01
5.831397635309860661e-01
5.831397635309863992e-01
5.831397635309858440e-01
5.831397635309855110e-01
5.831397635309863992e-01
5.831397635309859551e-01
5.831397635309859551e-01
5.831397635309858440e-01
5.831397635309857330e-01
5.831397635309858440e-01
5.831397635309859551e-01
5.831397635309858440e-01
5.831397635309858440e-01
5.831397635309857330e-01
5.831397635309859551e-01
5.831397635309860661e-01
5.831397635309854000e-01
5.831397635309860661e-01
5.831397635309859551e-01
5.831397635309858440e-01
5.831397635309858440e-01
5.831397635309856220e-01
5.831397635309859551e-01
5.831397635309862881e-01
5.831397635309860661e-01
5.831397635309857330e-01
5.831397635309860661e-01
5.831397635309858440e-01
5.831397635309858440e-01
5.831397635309861771e-01
5.831397635309861771e-01
5.831397635309856220e-01
5.831397635309856220e-01
5.831397635309860661e-01
5.831397635309856220e-01
5.831397635309855110e-01
4.214796976361581682e-01
4.214796976361580017e-01
4.214796976361578906e-01
4.214796976361579461e-01
4.214796976361578351e-01
4.214796976361574465e-01
4.214796976361577241e-01
4.214796976361581682e-01
4.214796976361575020e-01
4.214796976361574465e-01
4.214796976361577796e-01
4.214796976361579461e-01
4.214796976361576686e-01
4.214796976361579461e-01
4.214796976361580017e-01
4.214796976361580017e-01
4.214796976361579461e-01
4.214796976361579461e-01
4.214796976361581127e-01
4.214796976361578906e-01
4.214796976361576686e-01
4.214796976361577796e-01
4.214796976361580572e-01
4.214796976361576686e-01
4.214796976361575576e-01
4.214796976361578906e-01
4.214796976361573910e-01
4.214796976361575576e-01
4.214796976361580572e-01
4.214796976361576131e-01
4.214796976361577796e-01
4.214796976361582237e-01
4.214796976361575576e-01
4.214796976361578351e-01
4.214796976361575020e-01
4.214796976361576131e-01
4.214796976361572245e-01
4.214796976361576686e-01
4.214796976361575576e-01
4.214796976361577796e-01
4.214796976361576131e-01
4.214796976361578906e-01
4.214796976361576131e-01
4.214796976361577241e-01
4.214796976361575020e-01
4.214796976361578906e-01
4.214796976361577796e-01
4.214796976361574465e-01
4.214796976361573910e-01
4.214796976361576686e-01
4.214796976361577241e-01
4.214796976361575576e-01
4.214796976361580572e-01
4.214796976361575576e-01
4.214796976361573910e-01
4.214796976361575576e-01
4.214796976361576686e-01
4.214796976361581682e-01
4.214796976361578906e-01
4.214796976361577241e-01
4.214796976361577796e-01
4.214796976361577796e-01
4.214796976361575020e-01
4.214796976361575020e-01
4.214796976361574465e-01
4.214796976361575020e-01
4.214796976361577796e-01
4.214796976361580017e-01
4.214796976361578906e-01
4.214796976361580017e-01
4.214796976361577241e-01
4.214796976361577241e-01
4.214796976361577241e-01
4.214796976361576686e-01
4.214796976361578351e-01
4.214796976361581682e-01
4.214796976361576686e-01
4.214796976361578351e-01
4.214796976361579461e-01
4.214796976361578906e-01
4.214796976361575576e-01
4.214796976361578351e-01
4.214796976361578351e-01
4.214796976361576131e-01
4.214796976361576686e-01
4.214796976361576131e-01
4.214796976361575020e-01
4.214796976361577796e-01
4.214796976361575020e-01
4.214796976361578906e-01
4.214796976361575020e-01
4.214796976361574465e-01
4.214796976361577241e-01
4.214796976361575020e-01
4.214796976361576131e-01
4.214796976361576686e-01
4.214796976361576686e-01
4.214796976361578351e-01
4.214796976361575576e-01
4.214796976361577241e-01
4.214796976361579461e-01
4.214796976361579461e-01
4.214796976361576686e-01
4.214796976361577241e-01
4.214796976361578906e-01
4.214796976361584457e-01
4.214796976361581127e-01
4.214796976361580572e-01
4.214796976361577796e-01
4.214796976361581127e-01
4.214796976361577796e-01
4.214796976361577241e-01
4.214796976361580572e-01
4.214796976361578351e-01
4.214796976361577241e-01
4.214796976361577241e-01
4.214796976361577796e-01
4.214796976361577241e-01
4.214796976361580017e-01
4.214796976361582237e-01
5.657608747982048047e-01
5.657608747982042496e-01
5.657608747982046937e-01
5.657608747982046937e-01
5.657608747982046937e-01
5.657608747982048047e-01
5.657608747982050268e-01
5.657608747982051378e-01
5.657608747982046937e-01
5.657608747982049158e-01
5.657608747982050268e-01
5.657608747982045827e-01
5.657608747982048047e-01
5.657608747982050268e-01
5.657608747982050268e-01
5.657608747982050268e-01
5.657608747982049158e-01
5.657608747982049158e-01
5.657608747982048047e-01
5.657608747982044717e-01
5.657608747982046937e-01
5.657608747982046937e-01
5.657608747982043607e-01
5.657608747982044717e-01
5.657608747982048047e-01
5.657608747982045827e-01
5.657608747982048047e-01
5.657608747982046937e-01
5.657608747982045827e-01
5.657608747982044717e-01
5.657608747982046937e-01
5.657608747982046937e-01
5.657608747982050268e-01
5.657608747982048047e-01
5.657608747982049158e-01
5.657608747982048047e-01
5.657608747982052488e-01
5.657608747982045827e-01
5.657608747982045827e-01
5.657608747982048047e-01
5.657608747982045827e-01
5.657608747982048047e-01
5.657608747982048047e-01
5.657608747982046937e-01
5.657608747982050268e-01
5.657608747982049158e-01
5.657608747982044717e-01
5.657608747982049158e-01
5.657608747982049158e-01
5.657608747982046937e-01
5.657608747982049158e-01
5.657608747982050268e-01
5.657608747982046937e-01
5.657608747982045827e-01
5.657608747982053599e-01
5.657608747982046937e-01
5.657608747982052488e-01
5.657608747982049158e-01
5.657608747982050268e-01
5.657608747982048047e-01
5.657608747982049158e-01
5.657608747982048047e-01
5.657608747982050268e-01
5.657608747982054709e-01
5.657608747982051378e-01
5.657608747982048047e-01
5.657608747982050268e-01
5.657608747982050268e-01
5.657608747982046937e-01
5.657608747982048047e-01
5.657608747982046937e-01
5.657608747982048047e-01
5.657608747982048047e-01
5.657608747982043607e-01
5.657608747982048047e-01
5.657608747982045827e-01
5.657608747982046937e-01
5.657608747982049158e-01
5.657608747982048047e-01
5.657608747982048047e-01
5.657608747982045827e-01
5.657608747982049158e-01
5.657608747982046937e-01
5.657608747982043607e-01
5.657608747982050268e-01
5.657608747982049158e-01
5.657608747982049158e-01
5.657608747982046937e-01
5.657608747982050268e-01
5.657608747982045827e-01
5.657608747982049158e-01
5.657608747982048047e-01
5.657608747982050268e-01
5.657608747982045827e-01
5.657608747982048047e-01
5.657608747982045827e-01
5.657608747982045827e-01
5.657608747982045827e-01
5.657608747982049158e-01
5.657608747982048047e-01
5.657608747982046937e-01
5.657608747982045827e-01
5.657608747982050268e-01
5.657608747982050268e-01
5.657608747982049158e-01
5.657608747982048047e-01
5.657608747982049158e-01
5.657608747982048047e-01
5.657608747982049158e-01
5.657608747982046937e-01
5.657608747982048047e-01
5.657608747982048047e-01
5.657608747982044717e-01
5.657608747982045827e-01
5.657608747982049158e-01
5.657608747982048047e-01
5.657608747982051378e-01
5.657608747982048047e-01
5.657608747982048047e-01
5.657608747982044717e-01
4.342391252017968606e-01
4.342391252017965275e-01
4.342391252017966385e-01
4.342391252017966941e-01
4.342391252017964720e-01
4.342391252017965275e-01
4.342391252017965830e-01
4.342391252017966385e-01
4.342391252017966385e-01
4.342391252017965275e-01
4.342391252017964165e-01
4.342391252017966941e-01
4.342391252017966385e-01
4.342391252017968051e-01
4.342391252017969716e-01
4.342391252017967496e-01
4.342391252017970271e-01
4.342391252017965275e-01
4.342391252017966941e-01
4.342391252017966385e-01
4.342391252017962500e-01
4.342391252017966385e-01
4.342391252017965275e-01
4.342391252017965830e-01
4.342391252017967496e-01
4.342391252017968606e-01
4.342391252017965275e-01
4.342391252017964720e-01
4.342391252017968051e-01
4.342391252017964165e-01
4.342391252017963610e-01
4.342391252017966941e-01
4.342391252017968051e-01
4.342391252017963610e-01
4.342391252017968051e-01
4.342391252017965830e-01
4.342391252017965275e-01
4.342391252017966941e-01
4.342391252017965275e-01
4.342391252017964720e-01
4.342391252017966941e-01
4.342391252017963610e-01
4.342391252017968606e-01
4.342391252017965275e-01
4.342391252017963055e-01
4.342391252017964720e-01
4.342391252017967496e-01
4.342391252017963610e-01
4.342391252017966941e-01
4.342391252017963055e-01
4.342391252017967496e-01
4.342391252017964720e-01
4.342391252017967496e-01
4.342391252017966385e-01
4.342391252017960279e-01
4.342391252017963610e-01
4.342391252017963610e-01
4.342391252017969716e-01
4.342391252017968606e-01
4.342391252017964165e-01
4.342391252017967496e-01
4.342391252017964165e-01
4.342391252017966385e-01
4.342391252017965275e-01
4.342391252017964165e-01
4.342391252017963610e-01
4.342391252017964165e-01
4.342391252017967496e-01
4.342391252017964720e-01
4.342391252017964165e-01
4.342391252017964720e-01
4.342391252017963055e-01
4.342391252017965830e-01
4.342391252017962500e-01
4.342391252017965830e-01
4.342391252017965275e-01
4.342391252017966385e-01
4.342391252017964720e-01
4.342391252017967496e-01
4.342391252017964720e-01
4.342391252017967496e-01
4.342391252017963055e-01
4.342391252017963055e-01
4.342391252017965275e-01
4.342391252017966385e-01
4.342391252017967496e-01
4.342391252017966385e-01
4.342391252017969161e-01
4.342391252017966941e-01
4.342391252017965830e-01
4.342391252017967496e-01
4.342391252017963610e-01
4.342391252017965275e-01
4.342391252017965275e-01
4.342391252017965275e-01
4.342391252017964165e-01
4.342391252017963610e-01
4.342391252017967496e-01
4.342391252017964720e-01
4.342391252017966385e-01
4.342391252017964165e-01
4.342391252017963055e-01
4.342391252017966941e-01
4.342391252017966385e-01
4.342391252017968606e-01
4.342391252017966385e-01
4.342391252017966385e-01
4.342391252017966385e-01
4.342391252017966385e-01
4.342391252017967496e-01
4.342391252017965830e-01
4.342391252017966385e-01
4.342391252017966941e-01
4.342391252017967496e-01
4.342391252017965830e-01
4.342391252017962500e-01
4.342391252017963055e-01
4.342391252017965830e-01
4.342391252017967496e-01
4.342391252017965830e-01
5.785203023638436637e-01
5.785203023638437747e-01
5.785203023638439968e-01
5.785203023638437747e-01
5.785203023638438857e-01
5.785203023638439968e-01
5.785203023638435527e-01
5.785203023638436637e-01
5.785203023638439968e-01
5.785203023638434416e-01
5.785203023638439968e-01
5.785203023638434416e-01
5.785203023638432196e-01
5.785203023638439968e-01
5.785203023638439968e-01
5.785203023638436637e-01
5.785203023638435527e-01
5.785203023638436637e-01
5.785203023638436637e-01
5.785203023638432196e-01
5.785203023638434416e-01
5.785203023638438857e-01
5.785203023638435527e-01
5.785203023638435527e-01
5.785203023638437747e-01
5.785203023638436637e-01
5.785203023638435527e-01
5.785203023638435527e-01
5.785203023638435527e-01
5.785203023638436637e-01
5.785203023638436637e-01
5.785203023638438857e-01
5.785203023638437747e-01
5.785203023638438857e-01
5.785203023638438857e-01
5.785203023638437747e-01
5.785203023638437747e-01
5.785203023638435527e-01
5.785203023638436637e-01
5.785203023638436637e-01
5.785203023638436637e-01
5.785203023638434416e-01
5.785203023638435527e-01
5.785203023638437747e-01
5.785203023638437747e-01
5.785203023638435527e-01
5.785203023638436637e-01
5.785203023638435527e-01
5.785203023638436637e-01
5.785203023638437747e-01
5.785203023638435527e-01
5.785203023638438857e-01
5.785203023638437747e-01
5.785203023638437747e-01
5.785203023638439968e-01
5.785203023638438857e-01
5.785203023638438857e-01
5.785203023638438857e-01
5.785203023638438857e-01
5.785203023638436637e-01
5.785203023638435527e-01
5.785203023638437747e-01
5.785203023638439968e-01
5.785203023638439968e-01
5.785203023638437747e-01
5.785203023638435527e-01
5.785203023638435527e-01
5.785203023638435527e-01
5.785203023638437747e-01
5.785203023638435527e-01
5.785203023638437747e-01
5.785203023638436637e-01
5.785203023638438857e-01
5.785203023638434416e-01
5.785203023638435527e-01
5.785203023638435527e-01
5.785203023638436637e-01
5.785203023638434416e-01
5.785203023638437747e-01
5.785203023638436637e-01
5.785203023638434416e-01
5.785203023638437747e-01
5.785203023638436637e-01
5.785203023638441078e-01
5.785203023638436637e-01
5.785203023638436637e-01
5.785203023638439968e-01
5.785203023638434416e-01
5.785203023638438857e-01
5.785203023638436637e-01
5.785203023638436637e-01
5.785203023638436637e-01
5.785203023638439968e-01
5.785203023638436637e-01
5.785203023638441078e-01
5.785203023638439968e-01
5.785203023638436637e-01
5.785203023638436637e-01
5.785203023638436637e-01
5.785203023638435527e-01
5.785203023638434416e-01
5.785203023638441078e-01
5.785203023638432196e-01
5.785203023638437747e-01
5.785203023638437747e-01
5.785203023638435527e-01
5.785203023638439968e-01
5.785203023638439968e-01
5.785203023638436637e-01
5.785203023638436637e-01
5.785203023638432196e-01
5.785203023638441078e-01
5.785203023638437747e-01
5.785203023638436637e-01
5.785203023638439968e-01
5.785203023638439968e-01
5.785203023638436637e-01
5.785203023638437747e-01
5.785203023638437747e-01
5.785203023638436637e-01
4.168602364690154882e-01
4.168602364690152662e-01
4.168602364690154882e-01
4.168602364690155992e-01
4.168602364690155992e-01
4.168602364690154327e-01
4.168602364690157103e-01
4.168602364690157103e-01
4.168602364690155992e-01
4.168602364690154882e-01
4.168602364690155437e-01
4.168602364690152662e-01
4.168602364690156548e-01
4.168602364690155437e-01
4.168602364690154327e-01
4.168602364690153217e-01
4.168602364690155437e-01
4.168602364690153217e-01
4.168602364690152107e-01
4.168602364690153772e-01
4.168602364690155437e-01
4.168602364690151552e-01
4.168602364690155437e-01
4.168602364690153217e-01
4.168602364690154327e-01
4.168602364690155992e-01
4.168602364690154327e-01
4.168602364690156548e-01
4.168602364690152107e-01
4.168602364690155992e-01
4.168602364690156548e-01
4.168602364690153772e-01
4.168602364690153217e-01
4.168602364690152107e-01
4.168602364690154327e-01
4.168602364690156548e-01
4.168602364690155437e-01
4.168602364690154882e-01
4.168602364690154882e-01
4.168602364690153772e-01
4.168602364690154327e-01
4.168602364690155437e-01
4.168602364690155992e-01
4.168602364690154882e-01
4.168602364690152662e-01
4.168602364690151552e-01
4.168602364690150996e-01
4.168602364690155992e-01
4.168602364690155992e-01
4.168602364690154882e-01
4.168602364690155992e-01
4.168602364690154327e-01
4.168602364690157658e-01
4.168602364690154327e-01
4.168602364690155437e-01
4.168602364690154327e-01
4.168602364690157103e-01
4.168602364690157658e-01
4.168602364690152662e-01
4.168602364690157103e-01
4.168602364690156548e-01
4.168602364690154882e-01
4.168602364690153772e-01
4.168602364690153772e-01
4.168602364690153772e-01
4.168602364690155437e-01
4.168602364690152662e-01
4.168602364690155992e-01
4.168602364690155992e-01
4.168602364690153217e-01
4.168602364690154327e-01
4.168602364690157658e-01
4.168602364690158213e-01
4.168602364690154327e-01
4.168602364690155437e-01
4.168602364690152662e-01
4.168602364690155437e-01
4.168602364690157658e-01
4.168602364690153772e-01
4.168602364690151552e-01
4.168602364690157103e-01
4.168602364690152662e-01
4.168602364690155992e-01
4.168602364690153772e-01
4.168602364690153772e-01
4.168602364690154882e-01
4.168602364690157658e-01
4.168602364690155992e-01
4.168602364690154882e-01
4.168602364690154882e-01
4.168602364690155992e-01
4.168602364690152662e-01
4.168602364690153772e-01
4.168602364690153217e-01
4.168602364690150441e-01
4.168602364690154882e-01
4.168602364690153772e-01
4.168602364690154327e-01
4.168602364690153217e-01
4.168602364690155992e-01
4.168602364690154882e-01
4.168602364690153772e-01
4.168602364690158213e-01
4.168602364690154327e-01
4.168602364690153772e-01
4.168602364690153772e-01
4.168602364690152662e-01
4.168602364690154327e-01
4.168602364690155437e-01
4.168602364690154882e-01
4.168602364690155437e-01
4.168602364690155437e-01
4.168602364690154882e-01
4.168602364690156548e-01
4.168602364690152107e-01
4.168602364690153772e-01
4.168602364690157103e-01
4.168602364690154327e-01
4.168602364690156548e-01
4.168602364690154327e-01
6.997389217857888921e-01
6.997389217857891142e-01
6.997389217857887811e-01
6.997389217857891142e-01
6.997389217857888921e-01
6.997389217857890031e-01
6.997389217857888921e-01
6.997389217857890031e-01
6.997389217857888921e-01
6.997389217857888921e-01
6.997389217857890031e-01
6.997389217857892252e-01
6.997389217857893362e-01
6.997389217857886701e-01
6.997389217857890031e-01
6.997389217857892252e-01
6.997389217857887811e-01
6.997389217857890031e-01
6.997389217857890031e-01
6.997389217857886701e-01
6.997389217857888921e-01
6.997389217857885590e-01
6.997389217857887811e-01
6.997389217857887811e-01
6.997389217857888921e-01
6.997389217857884480e-01
6.997389217857887811e-01
6.997389217857888921e-01
6.997389217857890031e-01
6.997389217857890031e-01
6.997389217857890031e-01
6.997389217857890031e-01
6.997389217857891142e-01
6.997389217857893362e-01
6.997389217857891142e-01
6.997389217857888921e-01
6.997389217857887811e-01
6.997389217857888921e-01
6.997389217857887811e-01
6.997389217857891142e-01
6.997389217857891142e-01
6.997389217857890031e-01
6.997389217857893362e-01
6.997389217857887811e-01
6.997389217857891142e-01
6.997389217857890031e-01
6.997389217857895582e-01
6.997389217857892252e-01
6.997389217857892252e-01
6.997389217857888921e-01
6.997389217857888921e-01
6.997389217857891142e-01
6.997389217857890031e-01
6.997389217857887811e-01
6.997389217857892252e-01
6.997389217857887811e-01
6.997389217857886701e-01
6.997389217857890031e-01
6.997389217857893362e-01
6.997389217857892252e-01
6.997389217857887811e-01
6.997389217857892252e-01
6.997389217857891142e-01
6.997389217857892252e-01
6.997389217857892252e-01
6.997389217857890031e-01
6.997389217857890031e-01
6.997389217857887811e-01
6.997389217857890031e-01
6.997389217857890031e-01
6.997389217857892252e-01
6.997389217857888921e-01
6.997389217857887811e-01
6.997389217857888921e-01
6.997389217857892252e-01
6.997389217857890031e-01
6.997389217857891142e-01
6.997389217857890031e-01
6.997389217857892252e-01
6.997389217857894472e-01
6.997389217857887811e-01
6.997389217857893362e-01
6.997389217857888921e-01
6.997389217857890031e-01
6.997389217857888921e-01
6.997389217857892252e-01
6.997389217857890031e-01
6.997389217857891142e-01
6.997389217857891142e-01
6.997389217857887811e-01
6.997389217857887811e-01
6.997389217857890031e-01
6.997389217857891142e-01
6.997389217857888921e-01
6.997389217857887811e-01
6.997389217857886701e-01
6.997389217857885590e-01
6.997389217857890031e-01
6.997389217857891142e-01
6.997389217857887811e-01
6.997389217857890031e-01
6.997389217857890031e-01
6.997389217857884480e-01
6.997389217857887811e-01
6.997389217857890031e-01
6.997389217857892252e-01
6.997389217857892252e-01
6.997389217857890031e-01
6.997389217857893362e-01
6.997389217857890031e-01
6.997389217857892252e-01
6.997389217857890031e-01
6.997389217857888921e-01
6.997389217857892252e-01
6.997389217857888921e-01
6.997389217857894472e-01
6.997389217857890031e-01
6.997389217857892252e-01
6.997389217857886701e-01
6.997389217857890031e-01
