1.846158466030467515e-01
1.846158466030470846e-01
1.846158466030464185e-01
1.846158466030468071e-01
1.846158466030465295e-01
1.846158466030466683e-01
1.846158466030463352e-01
1.846158466030468071e-01
1.846158466030464740e-01
1.846158466030465573e-01
1.846158466030464740e-01
1.846158466030466405e-01
1.846158466030466683e-01
1.846158466030465850e-01
1.846158466030464740e-01
1.846158466030465295e-01
1.846158466030468071e-01
1.846158466030463907e-01
1.846158466030466960e-01
1.846158466030465850e-01
1.846158466030464185e-01
1.846158466030467793e-01
1.846158466030465850e-01
1.846158466030466960e-01
1.846158466030465017e-01
1.846158466030467515e-01
1.846158466030469181e-01
1.846158466030467238e-01
1.846158466030463907e-01
1.846158466030465573e-01
1.846158466030467515e-01
1.846158466030463630e-01
1.846158466030467238e-01
1.846158466030464185e-01
1.846158466030466405e-01
1.846158466030465573e-01
1.846158466030466405e-01
1.846158466030468626e-01
1.846158466030469181e-01
1.846158466030465850e-01
1.846158466030465017e-01
1.846158466030465017e-01
1.846158466030466405e-01
1.846158466030466405e-01
1.846158466030467515e-01
1.846158466030464462e-01
1.846158466030464185e-01
1.846158466030466960e-01
1.846158466030466405e-01
1.846158466030465573e-01
1.846158466030468071e-01
1.846158466030466405e-01
1.846158466030465295e-01
1.846158466030462797e-01
1.846158466030466128e-01
1.846158466030465295e-01
1.846158466030468903e-01
1.846158466030465573e-01
1.846158466030465850e-01
1.846158466030464462e-01
1.846158466030461964e-01
1.846158466030466960e-01
1.846158466030462797e-01
1.846158466030463907e-01
1.846158466030468071e-01
1.846158466030465295e-01
1.846158466030465850e-01
1.846158466030467793e-01
1.846158466030463630e-01
1.846158466030468626e-01
1.846158466030464740e-01
1.846158466030465295e-01
1.846158466030462519e-01
1.846158466030465850e-01
1.846158466030465017e-01
1.846158466030465295e-01
1.846158466030464185e-01
1.846158466030467238e-01
1.846158466030465573e-01
1.846158466030464740e-01
1.846158466030465850e-01
1.846158466030470291e-01
1.846158466030466960e-01
1.846158466030465295e-01
1.846158466030466960e-01
1.846158466030465850e-01
1.846158466030464740e-01
1.846158466030463352e-01
1.846158466030467515e-01
1.846158466030464185e-01
1.846158466030463907e-01
1.846158466030467238e-01
1.846158466030468071e-01
1.846158466030466960e-01
1.846158466030466405e-01
1.846158466030468071e-01
1.846158466030468626e-01
1.846158466030463630e-01
1.846158466030465295e-01
1.846158466030465295e-01
1.846158466030466405e-01
1.846158466030464740e-01
1.846158466030466405e-01
1.846158466030464462e-01
1.846158466030464185e-01
1.846158466030465017e-01
1.846158466030464185e-01
1.846158466030463075e-01
1.846158466030467515e-01
1.846158466030465017e-01
1.846158466030464740e-01
1.846158466030468071e-01
1.846158466030466128e-01
1.846158466030465573e-01
1.846158466030464185e-01
1.846158466030467793e-01
1.846158466030467515e-01
1.846158466030464740e-01
1.846158466030466960e-01
1.846158466030467238e-01
7.299090611205449886e-01
7.299090611205445445e-01
7.299090611205443224e-01
7.299090611205445445e-01
7.299090611205443224e-01
7.299090611205445445e-01
7.299090611205443224e-01
7.299090611205447665e-01
7.299090611205446555e-01
7.299090611205441004e-01
7.299090611205446555e-01
7.299090611205442114e-01
7.299090611205443224e-01
7.299090611205445445e-01
7.299090611205445445e-01
7.299090611205445445e-01
7.299090611205450996e-01
7.299090611205445445e-01
7.299090611205443224e-01
7.299090611205445445e-01
7.299090611205445445e-01
7.299090611205441004e-01
7.299090611205442114e-01
7.299090611205446555e-01
7.299090611205443224e-01
7.299090611205445445e-01
7.299090611205447665e-01
7.299090611205444334e-01
7.299090611205443224e-01
7.299090611205442114e-01
7.299090611205445445e-01
7.299090611205446555e-01
7.299090611205447665e-01
7.299090611205443224e-01
7.299090611205443224e-01
7.299090611205444334e-01
7.299090611205442114e-01
7.299090611205444334e-01
7.299090611205444334e-01
7.299090611205446555e-01
7.299090611205448775e-01
7.299090611205447665e-01
7.299090611205445445e-01
7.299090611205445445e-01
7.299090611205443224e-01
7.299090611205445445e-01
7.299090611205447665e-01
7.299090611205445445e-01
7.299090611205446555e-01
7.299090611205443224e-01
7.299090611205442114e-01
7.299090611205446555e-01
7.299090611205445445e-01
7.299090611205446555e-01
7.299090611205441004e-01
7.299090611205441004e-01
7.299090611205444334e-01
7.299090611205445445e-01
7.299090611205452106e-01
7.299090611205445445e-01
7.299090611205443224e-01
7.299090611205442114e-01
7.299090611205447665e-01
7.299090611205439894e-01
7.299090611205444334e-01
7.299090611205441004e-01
7.299090611205443224e-01
7.299090611205439894e-01
7.299090611205442114e-01
7.299090611205439894e-01
7.299090611205448775e-01
7.299090611205438783e-01
7.299090611205448775e-01
7.299090611205444334e-01
7.299090611205445445e-01
7.299090611205442114e-01
7.299090611205447665e-01
7.299090611205446555e-01
7.299090611205447665e-01
7.299090611205445445e-01
7.299090611205443224e-01
7.299090611205445445e-01
7.299090611205443224e-01
7.299090611205444334e-01
7.299090611205444334e-01
7.299090611205445445e-01
7.299090611205447665e-01
7.299090611205444334e-01
7.299090611205445445e-01
7.299090611205445445e-01
7.299090611205445445e-01
7.299090611205439894e-01
7.299090611205441004e-01
7.299090611205443224e-01
7.299090611205443224e-01
7.299090611205438783e-01
7.299090611205443224e-01
7.299090611205445445e-01
7.299090611205447665e-01
7.299090611205444334e-01
7.299090611205445445e-01
7.299090611205442114e-01
7.299090611205447665e-01
7.299090611205452106e-01
7.299090611205447665e-01
7.299090611205445445e-01
7.299090611205443224e-01
7.299090611205442114e-01
7.299090611205447665e-01
7.299090611205446555e-01
7.299090611205444334e-01
7.299090611205447665e-01
7.299090611205447665e-01
7.299090611205444334e-01
7.299090611205444334e-01
7.299090611205445445e-01
7.299090611205444334e-01
7.299090611205447665e-01
7.299090611205446555e-01
7.299090611205453216e-01
2.686525398283405863e-01
2.686525398283400867e-01
2.686525398283405863e-01
2.686525398283401422e-01
2.686525398283401422e-01
2.686525398283399202e-01
2.686525398283401422e-01
2.686525398283401977e-01
2.686525398283402533e-01
2.686525398283402533e-01
2.686525398283399202e-01
2.686525398283403088e-01
2.686525398283404198e-01
2.686525398283403088e-01
2.686525398283401422e-01
2.686525398283399202e-01
2.686525398283400312e-01
2.686525398283400867e-01
2.686525398283401422e-01
2.686525398283401977e-01
2.686525398283404198e-01
2.686525398283404198e-01
2.686525398283403088e-01
2.686525398283403643e-01
2.686525398283400867e-01
2.686525398283403088e-01
2.686525398283406418e-01
2.686525398283400312e-01
2.686525398283401422e-01
2.686525398283403643e-01
2.686525398283402533e-01
2.686525398283401977e-01
2.686525398283401422e-01
2.686525398283406418e-01
2.686525398283404753e-01
2.686525398283400867e-01
2.686525398283409749e-01
2.686525398283405308e-01
2.686525398283399757e-01
2.686525398283399757e-01
2.686525398283402533e-01
2.686525398283404753e-01
2.686525398283402533e-01
2.686525398283402533e-01
2.686525398283404753e-01
2.686525398283400312e-01
2.686525398283401977e-01
2.686525398283402533e-01
2.686525398283396981e-01
2.686525398283399757e-01
2.686525398283403088e-01
2.686525398283396426e-01
2.686525398283399757e-01
2.686525398283398092e-01
2.686525398283397537e-01
2.686525398283400312e-01
2.686525398283405863e-01
2.686525398283401422e-01
2.686525398283396981e-01
2.686525398283403643e-01
2.686525398283405308e-01
2.686525398283400867e-01
2.686525398283402533e-01
2.686525398283403643e-01
2.686525398283405308e-01
2.686525398283400312e-01
2.686525398283401422e-01
2.686525398283402533e-01
2.686525398283403088e-01
2.686525398283398647e-01
2.686525398283401977e-01
2.686525398283403088e-01
2.686525398283402533e-01
2.686525398283401422e-01
2.686525398283400312e-01
2.686525398283404753e-01
2.686525398283401977e-01
2.686525398283400312e-01
2.686525398283399202e-01
2.686525398283400312e-01
2.686525398283400312e-01
2.686525398283400312e-01
2.686525398283402533e-01
2.686525398283400867e-01
2.686525398283401977e-01
2.686525398283403643e-01
2.686525398283403088e-01
2.686525398283401977e-01
2.686525398283401422e-01
2.686525398283403088e-01
2.686525398283404753e-01
2.686525398283403088e-01
2.686525398283400312e-01
2.686525398283403643e-01
2.686525398283401422e-01
2.686525398283403088e-01
2.686525398283401977e-01
2.686525398283401422e-01
2.686525398283402533e-01
2.686525398283401977e-01
2.686525398283404198e-01
2.686525398283401422e-01
2.686525398283403088e-01
2.686525398283399202e-01
2.686525398283401422e-01
2.686525398283400312e-01
2.686525398283400867e-01
2.686525398283401422e-01
2.686525398283400312e-01
2.686525398283401422e-01
2.686525398283404753e-01
2.686525398283399757e-01
2.686525398283396981e-01
2.686525398283401977e-01
2.686525398283400312e-01
2.686525398283396981e-01
2.686525398283401422e-01
2.686525398283401422e-01
2.686525398283398647e-01
2.686525398283401977e-01
7.263898939133957011e-01
7.263898939133957011e-01
7.263898939133957011e-01
7.263898939133954791e-01
7.263898939133957011e-01
7.263898939133954791e-01
7.263898939133958121e-01
7.263898939133957011e-01
7.263898939133957011e-01
7.263898939133958121e-01
7.263898939133957011e-01
7.263898939133960342e-01
7.263898939133958121e-01
7.263898939133954791e-01
7.263898939133954791e-01
7.263898939133954791e-01
7.263898939133959232e-01
7.263898939133962562e-01
7.263898939133961452e-01
7.263898939133960342e-01
7.263898939133955901e-01
7.263898939133958121e-01
7.263898939133955901e-01
7.263898939133952570e-01
7.263898939133957011e-01
7.263898939133957011e-01
7.263898939133957011e-01
7.263898939133952570e-01
7.263898939133957011e-01
7.263898939133955901e-01
7.263898939133955901e-01
7.263898939133957011e-01
7.263898939133961452e-01
7.263898939133961452e-01
7.263898939133959232e-01
7.263898939133960342e-01
7.263898939133957011e-01
7.263898939133954791e-01
7.263898939133955901e-01
7.263898939133958121e-01
7.263898939133954791e-01
7.263898939133955901e-01
7.263898939133957011e-01
7.263898939133960342e-01
7.263898939133954791e-01
7.263898939133959232e-01
7.263898939133957011e-01
7.263898939133954791e-01
7.263898939133959232e-01
7.263898939133961452e-01
7.263898939133957011e-01
7.263898939133961452e-01
7.263898939133959232e-01
7.263898939133961452e-01
7.263898939133959232e-01
7.263898939133959232e-01
7.263898939133954791e-01
7.263898939133955901e-01
7.263898939133959232e-01
7.263898939133959232e-01
7.263898939133957011e-01
7.263898939133957011e-01
7.263898939133957011e-01
7.263898939133955901e-01
7.263898939133957011e-01
7.263898939133954791e-01
7.263898939133959232e-01
7.263898939133955901e-01
7.263898939133954791e-01
7.263898939133955901e-01
7.263898939133958121e-01
7.263898939133955901e-01
7.263898939133955901e-01
7.263898939133958121e-01
7.263898939133955901e-01
7.263898939133957011e-01
7.263898939133955901e-01
7.263898939133954791e-01
7.263898939133957011e-01
7.263898939133955901e-01
7.263898939133957011e-01
7.263898939133959232e-01
7.263898939133958121e-01
7.263898939133958121e-01
7.263898939133960342e-01
7.263898939133959232e-01
7.263898939133960342e-01
7.263898939133959232e-01
7.263898939133963673e-01
7.263898939133960342e-01
7.263898939133957011e-01
7.263898939133954791e-01
7.263898939133959232e-01
7.263898939133957011e-01
7.263898939133954791e-01
7.263898939133952570e-01
7.263898939133957011e-01
7.263898939133957011e-01
7.263898939133959232e-01
7.263898939133957011e-01
7.263898939133958121e-01
7.263898939133960342e-01
7.263898939133959232e-01
7.263898939133960342e-01
7.263898939133958121e-01
7.263898939133954791e-01
7.263898939133957011e-01
7.263898939133955901e-01
7.263898939133955901e-01
7.263898939133960342e-01
7.263898939133957011e-01
7.263898939133959232e-01
7.263898939133961452e-01
7.263898939133959232e-01
7.263898939133955901e-01
7.263898939133957011e-01
7.263898939133959232e-01
7.263898939133953681e-01
7.263898939133960342e-01
7.263898939133962562e-01
2.736101060866062418e-01
2.736101060866061307e-01
2.736101060866059642e-01
2.736101060866057977e-01
2.736101060866060752e-01
2.736101060866056311e-01
2.736101060866057422e-01
2.736101060866057422e-01
2.736101060866057422e-01
2.736101060866059642e-01
2.736101060866059642e-01
2.736101060866059642e-01
2.736101060866060752e-01
2.736101060866057977e-01
2.736101060866061307e-01
2.736101060866062418e-01
2.736101060866057422e-01
2.736101060866058532e-01
2.736101060866059087e-01
2.736101060866059087e-01
2.736101060866060752e-01
2.736101060866057977e-01
2.736101060866060752e-01
2.736101060866061863e-01
2.736101060866061307e-01
2.736101060866059087e-01
2.736101060866060752e-01
2.736101060866060752e-01
2.736101060866061307e-01
2.736101060866061863e-01
2.736101060866059087e-01
2.736101060866062418e-01
2.736101060866059642e-01
2.736101060866057422e-01
2.736101060866060197e-01
2.736101060866060752e-01
2.736101060866059642e-01
2.736101060866061863e-01
2.736101060866059087e-01
2.736101060866057422e-01
2.736101060866059642e-01
2.736101060866061863e-01
2.736101060866057977e-01
2.736101060866056867e-01
2.736101060866058532e-01
2.736101060866060197e-01
2.736101060866057977e-01
2.736101060866058532e-01
2.736101060866058532e-01
2.736101060866056867e-01
2.736101060866061863e-01
2.736101060866057977e-01
2.736101060866055201e-01
2.736101060866059642e-01
2.736101060866058532e-01
2.736101060866056867e-01
2.736101060866059642e-01
2.736101060866060197e-01
2.736101060866058532e-01
2.736101060866055756e-01
2.736101060866056867e-01
2.736101060866059087e-01
2.736101060866058532e-01
2.736101060866060752e-01
2.736101060866059642e-01
2.736101060866058532e-01
2.736101060866058532e-01
2.736101060866061863e-01
2.736101060866057977e-01
2.736101060866061307e-01
2.736101060866059642e-01
2.736101060866058532e-01
2.736101060866059642e-01
2.736101060866057422e-01
2.736101060866057977e-01
2.736101060866057977e-01
2.736101060866060752e-01
2.736101060866059642e-01
2.736101060866059087e-01
2.736101060866060752e-01
2.736101060866059642e-01
2.736101060866054646e-01
2.736101060866056867e-01
2.736101060866062973e-01
2.736101060866060197e-01
2.736101060866060752e-01
2.736101060866061307e-01
2.736101060866058532e-01
2.736101060866057422e-01
2.736101060866057422e-01
2.736101060866060197e-01
2.736101060866062418e-01
2.736101060866059642e-01
2.736101060866061307e-01
2.736101060866060197e-01
2.736101060866061307e-01
2.736101060866060197e-01
2.736101060866058532e-01
2.736101060866059087e-01
2.736101060866058532e-01
2.736101060866062418e-01
2.736101060866059087e-01
2.736101060866059087e-01
2.736101060866059642e-01
2.736101060866059642e-01
2.736101060866058532e-01
2.736101060866059642e-01
2.736101060866057977e-01
2.736101060866061307e-01
2.736101060866059087e-01
2.736101060866061307e-01
2.736101060866057977e-01
2.736101060866059642e-01
2.736101060866058532e-01
2.736101060866057422e-01
2.736101060866057977e-01
2.736101060866059087e-01
2.736101060866060197e-01
2.736101060866059642e-01
2.736101060866060197e-01
7.313474601716618562e-01
7.313474601716614121e-01
7.313474601716617451e-01
7.313474601716617451e-01
7.313474601716615231e-01
7.313474601716614121e-01
7.313474601716610790e-01
7.313474601716614121e-01
7.313474601716611900e-01
7.313474601716614121e-01
7.313474601716611900e-01
7.313474601716611900e-01
7.313474601716618562e-01
7.313474601716614121e-01
7.313474601716610790e-01
7.313474601716614121e-01
7.313474601716616341e-01
7.313474601716617451e-01
7.313474601716618562e-01
7.313474601716615231e-01
7.313474601716613011e-01
7.313474601716615231e-01
7.313474601716614121e-01
7.313474601716610790e-01
7.313474601716614121e-01
7.313474601716613011e-01
7.313474601716611900e-01
7.313474601716614121e-01
7.313474601716614121e-01
7.313474601716615231e-01
7.313474601716617451e-01
7.313474601716614121e-01
7.313474601716617451e-01
7.313474601716618562e-01
7.313474601716617451e-01
7.313474601716616341e-01
7.313474601716616341e-01
7.313474601716611900e-01
7.313474601716615231e-01
7.313474601716611900e-01
7.313474601716614121e-01
7.313474601716615231e-01
7.313474601716617451e-01
7.313474601716618562e-01
7.313474601716613011e-01
7.313474601716617451e-01
7.313474601716617451e-01
7.313474601716615231e-01
7.313474601716617451e-01
7.313474601716613011e-01
7.313474601716615231e-01
7.313474601716616341e-01
7.313474601716615231e-01
7.313474601716614121e-01
7.313474601716615231e-01
7.313474601716615231e-01
7.313474601716616341e-01
7.313474601716615231e-01
7.313474601716613011e-01
7.313474601716616341e-01
7.313474601716617451e-01
7.313474601716616341e-01
7.313474601716614121e-01
7.313474601716616341e-01
7.313474601716613011e-01
7.313474601716615231e-01
7.313474601716615231e-01
7.313474601716610790e-01
7.313474601716611900e-01
7.313474601716615231e-01
7.313474601716614121e-01
7.313474601716610790e-01
7.313474601716614121e-01
7.313474601716619672e-01
7.313474601716615231e-01
7.313474601716616341e-01
7.313474601716615231e-01
7.313474601716614121e-01
7.313474601716616341e-01
7.313474601716616341e-01
7.313474601716617451e-01
7.313474601716616341e-01
7.313474601716617451e-01
7.313474601716618562e-01
7.313474601716615231e-01
7.313474601716619672e-01
7.313474601716617451e-01
7.313474601716615231e-01
7.313474601716617451e-01
7.313474601716616341e-01
7.313474601716613011e-01
7.313474601716614121e-01
7.313474601716615231e-01
7.313474601716615231e-01
7.313474601716611900e-01
7.313474601716616341e-01
7.313474601716615231e-01
7.313474601716615231e-01
7.313474601716615231e-01
7.313474601716613011e-01
7.313474601716615231e-01
7.313474601716615231e-01
7.313474601716614121e-01
7.313474601716613011e-01
7.313474601716615231e-01
7.313474601716613011e-01
7.313474601716615231e-01
7.313474601716617451e-01
7.313474601716614121e-01
7.313474601716611900e-01
7.313474601716613011e-01
7.313474601716613011e-01
7.313474601716614121e-01
7.313474601716613011e-01
7.313474601716614121e-01
7.313474601716617451e-01
7.313474601716617451e-01
7.313474601716619672e-01
7.313474601716616341e-01
7.313474601716616341e-01
2.700909388794572874e-01
2.700909388794573984e-01
2.700909388794571209e-01
2.700909388794570098e-01
2.700909388794570654e-01
2.700909388794573429e-01
2.700909388794571209e-01
2.700909388794570654e-01
2.700909388794572874e-01
2.700909388794573429e-01
2.700909388794573984e-01
2.700909388794571764e-01
2.700909388794572874e-01
2.700909388794570098e-01
2.700909388794573429e-01
2.700909388794570654e-01
2.700909388794569543e-01
2.700909388794572319e-01
2.700909388794573429e-01
2.700909388794570654e-01
2.700909388794569543e-01
2.700909388794571209e-01
2.700909388794571764e-01
2.700909388794573429e-01
2.700909388794571209e-01
2.700909388794570654e-01
2.700909388794573429e-01
2.700909388794573429e-01
2.700909388794570654e-01
2.700909388794571209e-01
2.700909388794568988e-01
2.700909388794570654e-01
2.700909388794573984e-01
2.700909388794569543e-01
2.700909388794571209e-01
2.700909388794570098e-01
2.700909388794575094e-01
2.700909388794575650e-01
2.700909388794572874e-01
2.700909388794573984e-01
2.700909388794572319e-01
2.700909388794572319e-01
2.700909388794568988e-01
2.700909388794572874e-01
2.700909388794571764e-01
2.700909388794572319e-01
2.700909388794572319e-01
2.700909388794568988e-01
2.700909388794568433e-01
2.700909388794570654e-01
2.700909388794570654e-01
2.700909388794568988e-01
2.700909388794573429e-01
2.700909388794572319e-01
2.700909388794575650e-01
2.700909388794569543e-01
2.700909388794568988e-01
2.700909388794570098e-01
2.700909388794572319e-01
2.700909388794572319e-01
2.700909388794572874e-01
2.700909388794568988e-01
2.700909388794569543e-01
2.700909388794571764e-01
2.700909388794571209e-01
2.700909388794571209e-01
2.700909388794572874e-01
2.700909388794574539e-01
2.700909388794571764e-01
2.700909388794568433e-01
2.700909388794574539e-01
2.700909388794573429e-01
2.700909388794571209e-01
2.700909388794570098e-01
2.700909388794570654e-01
2.700909388794572319e-01
2.700909388794572874e-01
2.700909388794570654e-01
2.700909388794568988e-01
2.700909388794570654e-01
2.700909388794572874e-01
2.700909388794571209e-01
2.700909388794572319e-01
2.700909388794572319e-01
2.700909388794572319e-01
2.700909388794571764e-01
2.700909388794573429e-01
2.700909388794571764e-01
2.700909388794569543e-01
2.700909388794571764e-01
2.700909388794571209e-01
2.700909388794573984e-01
2.700909388794568988e-01
2.700909388794572319e-01
2.700909388794571764e-01
2.700909388794572874e-01
2.700909388794569543e-01
2.700909388794572319e-01
2.700909388794571209e-01
2.700909388794571209e-01
2.700909388794574539e-01
2.700909388794573429e-01
2.700909388794572874e-01
2.700909388794571764e-01
2.700909388794570098e-01
2.700909388794569543e-01
2.700909388794571764e-01
2.700909388794570654e-01
2.700909388794572319e-01
2.700909388794571764e-01
2.700909388794568988e-01
2.700909388794570098e-01
2.700909388794572874e-01
2.700909388794570098e-01
2.700909388794569543e-01
2.700909388794570098e-01
2.700909388794570098e-01
2.700909388794572319e-01
2.700909388794574539e-01
2.700909388794570098e-01
8.153841533969552469e-01
8.153841533969552469e-01
8.153841533969554689e-01
8.153841533969555799e-01
8.153841533969551358e-01
8.153841533969553579e-01
8.153841533969550248e-01
8.153841533969548028e-01
8.153841533969548028e-01
8.153841533969550248e-01
8.153841533969550248e-01
8.153841533969552469e-01
8.153841533969549138e-01
8.153841533969550248e-01
8.153841533969554689e-01
8.153841533969552469e-01
8.153841533969551358e-01
8.153841533969551358e-01
8.153841533969549138e-01
8.153841533969552469e-01
8.153841533969552469e-01
8.153841533969551358e-01
8.153841533969549138e-01
8.153841533969550248e-01
8.153841533969554689e-01
8.153841533969553579e-01
8.153841533969552469e-01
8.153841533969550248e-01
8.153841533969548028e-01
8.153841533969550248e-01
8.153841533969551358e-01
8.153841533969550248e-01
8.153841533969550248e-01
8.153841533969553579e-01
8.153841533969553579e-01
8.153841533969552469e-01
8.153841533969550248e-01
8.153841533969550248e-01
8.153841533969548028e-01
8.153841533969545807e-01
8.153841533969549138e-01
8.153841533969551358e-01
8.153841533969550248e-01
8.153841533969551358e-01
8.153841533969551358e-01
8.153841533969551358e-01
8.153841533969553579e-01
8.153841533969548028e-01
8.153841533969552469e-01
8.153841533969553579e-01
8.153841533969552469e-01
8.153841533969553579e-01
8.153841533969548028e-01
8.153841533969550248e-01
8.153841533969548028e-01
8.153841533969549138e-01
8.153841533969551358e-01
8.153841533969552469e-01
8.153841533969548028e-01
8.153841533969549138e-01
8.153841533969550248e-01
8.153841533969552469e-01
8.153841533969549138e-01
8.153841533969551358e-01
8.153841533969549138e-01
8.153841533969552469e-01
8.153841533969550248e-01
8.153841533969548028e-01
8.153841533969549138e-01
8.153841533969552469e-01
8.153841533969550248e-01
8.153841533969550248e-01
8.153841533969549138e-01
8.153841533969550248e-01
8.153841533969551358e-01
8.153841533969551358e-01
8.153841533969549138e-01
8.153841533969552469e-01
8.153841533969551358e-01
8.153841533969552469e-01
8.153841533969550248e-01
8.153841533969549138e-01
8.153841533969551358e-01
8.153841533969551358e-01
8.153841533969551358e-01
8.153841533969552469e-01
8.153841533969551358e-01
8.153841533969551358e-01
8.153841533969552469e-01
8.153841533969549138e-01
8.153841533969548028e-01
8.153841533969551358e-01
8.153841533969551358e-01
8.153841533969551358e-01
8.153841533969550248e-01
8.153841533969553579e-01
8.153841533969554689e-01
8.153841533969552469e-01
8.153841533969546918e-01
8.153841533969550248e-01
8.153841533969550248e-01
8.153841533969551358e-01
8.153841533969548028e-01
8.153841533969552469e-01
8.153841533969552469e-01
8.153841533969556910e-01
8.153841533969555799e-01
8.153841533969551358e-01
8.153841533969550248e-01
8.153841533969551358e-01
8.153841533969552469e-01
8.153841533969552469e-01
8.153841533969546918e-01
8.153841533969549138e-01
8.153841533969552469e-01
8.153841533969554689e-01
8.153841533969553579e-01
8.153841533969556910e-01
8.153841533969553579e-01
8.153841533969553579e-01
