5.378750535376387587e-01
5.469364255874775704e-01
5.504094869766451570e-01
5.664896292588811333e-01
5.787694524098289106e-01
7.639192558163023783e-01
6.077199793350368529e-01
5.706098896258309239e-01
5.551980944861109046e-01
5.483558008759608082e-01
5.482436202545917237e-01
5.359059584495922124e-01
5.652670048521837298e-01
5.705461341893418581e-01
5.892062477954137512e-01
6.040168495906113044e-01
5.906452528177613681e-01
5.606977767328444884e-01
5.097923705409019846e-01
4.573783331617007342e-01
2.767422910637165612e-01
5.243606138036003284e-01
5.795142805116684226e-01
6.081717691199334253e-01
5.972485750438891738e-01
5.643114518363203658e-01
5.648120747431066846e-01
5.671847983825160089e-01
5.778231610857962330e-01
5.819021676898278317e-01
5.521610631878088871e-01
5.106319549773588040e-01
4.822395508740852654e-01
4.558179532209259976e-01
4.856682263920493181e-01
5.480019405105553965e-01
5.809959909968611669e-01
5.617413799698037780e-01
5.346517852983034835e-01
5.266432576483153216e-01
5.660222076145144943e-01
5.851216102010582398e-01
5.735713675618974161e-01
5.575238271980955673e-01
5.254835911708408691e-01
5.344451433163813769e-01
5.536451653430872755e-01
5.670023197419835626e-01
5.623773662933735373e-01
5.288744680178265600e-01
5.324995717488685276e-01
5.352926668691825318e-01
5.798212473338142381e-01
7.070140060008557326e-01
6.613758478633349203e-01
5.298645304034586001e-01
4.837300746457030010e-01
4.464963326006963218e-01
4.182589996870588744e-01
4.054230814471652122e-01
4.027239121011613188e-01
4.198099338409431724e-01
4.253530746754609626e-01
4.269764858740936475e-01
4.798355412448077062e-01
5.005775262626322997e-01
5.393333927169494668e-01
5.962840347930187246e-01
6.054950844004738375e-01
5.849170619204633326e-01
5.520894804137879142e-01
4.576199742547976679e-01
7.556923958862705737e-01
5.778011551086735809e-01
5.398101257669354336e-01
4.963100782444672121e-01
4.548745387489922520e-01
4.260669122834572775e-01
4.142513668344047773e-01
4.090367355648706349e-01
4.070332067377347429e-01
4.081882354059626072e-01
4.318205367475119738e-01
4.265948839503876933e-01
3.975911951882031836e-01
4.061981985582411858e-01
4.345794546506436817e-01
4.813882688159837331e-01
5.403882293763692113e-01
5.690346879691350335e-01
5.899150736642593262e-01
5.947978472264061622e-01
5.760125018886101955e-01
5.665534883271639011e-01
5.673556400351774665e-01
5.815836779832133097e-01
5.689343174121503921e-01
5.606240636647128461e-01
5.550432405228133970e-01
5.538707185832959512e-01
5.617054868082389518e-01
5.671715481234892442e-01
5.720438837242826091e-01
5.726109439596306361e-01
5.794474627418813029e-01
5.894227626135897236e-01
5.892068184092096317e-01
5.559752894392693268e-01
5.220704433824252533e-01
4.659191654292923479e-01
4.182009244791367042e-01
3.998127139797412744e-01
4.322967870662536294e-01
4.818245421176648446e-01
5.202345350489099296e-01
5.826334373088188912e-01
5.925972679880493477e-01
5.973821471733243849e-01
5.792337524653794478e-01
5.411788444122180852e-01
5.098076628370242780e-01
5.094545281638180878e-01
5.052099582960988267e-01
4.990702834986575631e-01
4.675956334275402360e-01
3.915318670433255432e-01
5.030684962739463417e-01
5.055206910870031489e-01
5.064043248834486644e-01
5.086859112085708734e-01
5.099374255019364366e-01
5.095157079968526403e-01
5.072112546040188352e-01
5.029538635441428429e-01
4.991733134855558252e-01
4.999522563961073529e-01
5.082199149430768337e-01
5.217597023158250247e-01
4.927695649879688111e-01
5.286250201666647941e-01
5.202473247427025216e-01
4.035608111635425876e-01
4.931559478808560937e-01
4.969128920117046322e-01
5.011647286836261594e-01
5.055591465326705336e-01
4.126288484869797268e-01
5.120890805199614926e-01
4.987107797049045166e-01
5.121282765894370481e-01
5.114266886402705214e-01
5.138063764893756602e-01
5.202348351264073356e-01
5.660389755347042806e-01
6.477234395659039468e-01
5.185827231346016308e-01
5.103553837091706624e-01
5.094269438365399694e-01
5.099223168258356642e-01
5.571904560569390652e-01
5.069123723440432938e-01
5.059837286444006654e-01
5.084998153122799458e-01
5.107769121222236475e-01
5.111427204156364645e-01
5.099275219132377579e-01
5.085922383204553032e-01
5.085579819934977763e-01
5.089534808854989656e-01
5.094742561186791363e-01
5.093446596204216359e-01
5.075383548786989163e-01
4.908582567447882239e-01
4.713128655278331358e-01
4.985621238814045841e-01
5.156781193188092471e-01
5.308367540783930361e-01
5.211883569798627658e-01
5.188312866339630514e-01
5.186770748985949364e-01
5.181386643054373131e-01
4.349303008647352753e-01
5.174023397506575250e-01
5.157644858660328513e-01
4.016560859865239697e-01
6.155060542316990180e-01
5.023546701034561357e-01
4.974552172719801657e-01
4.966931664960513859e-01
4.995326383622868405e-01
5.126661718861422745e-01
5.561940725100122940e-01
4.894432398096671410e-01
5.229090438194645696e-01
5.132816288041139874e-01
5.096551066768452154e-01
5.055430423613307411e-01
5.138674272927372666e-01
5.170291260569692682e-01
5.176138852252241129e-01
5.178875709894543711e-01
5.177322432145368136e-01
3.923804667002084301e-01
5.185853575985450714e-01
5.182390261364951956e-01
5.161332093248712782e-01
5.135300836881150355e-01
5.111310479424714392e-01
5.080066586279603502e-01
5.042090091529329854e-01
5.012435535227963701e-01
5.013251780776250000e-01
5.039786976532768525e-01
5.064057492892195533e-01
5.084744443466588937e-01
5.063405556237647875e-01
5.058365231144179575e-01
5.050476878704093231e-01
5.055567394908282441e-01
5.073765216701031644e-01
5.108384780201025155e-01
5.182590821714320173e-01
5.067531400404311492e-01
4.982220061113843412e-01
4.993197091904145735e-01
5.013922182558618879e-01
5.046571383457671978e-01
5.087372408439302385e-01
5.119061574130095993e-01
5.122013065356596506e-01
5.069180839622929868e-01
5.146040151000912388e-01
4.106499321071911401e-01
5.127087605100755230e-01
5.065290707745524479e-01
5.021037982761022977e-01
5.029814915178032475e-01
5.033205359167054471e-01
5.001352083353773903e-01
5.063787853520211879e-01
5.050995435689786817e-01
4.714020162609060538e-01
4.945442220496387153e-01
5.117186647105154140e-01
6.366936557475265657e-01
5.267856982750258599e-01
5.155871332294895693e-01
4.980177124465334781e-01
4.932441701204551276e-01
5.263416110093076528e-01
5.323700590109549102e-01
5.105163976073506804e-01
5.111698310934408296e-01
5.136299779643982433e-01
5.063751150665194434e-01
5.033252500793558015e-01
5.060296832958889324e-01
3.750873198533946073e-01
5.045813862290592366e-01
5.094802431926400699e-01
5.112949499646839424e-01
4.990120036439431583e-01
4.869732286969626900e-01
4.882561408790961899e-01
5.125503273035596496e-01
5.183560085812176643e-01
5.194552986281686380e-01
5.022314511090092415e-01
3.961889856177420732e-01
4.946324916590938980e-01
4.979363685635732062e-01
5.019040368592232459e-01
4.824478850182220002e-01
4.895917102763833184e-01
4.521136012735629817e-01
4.019339906168896692e-01
4.965853011050203603e-01
5.052224137665579651e-01
5.096956383503357113e-01
4.881521443031227037e-01
4.987482452980962488e-01
5.049708312721185033e-01
5.059238633279018460e-01
4.975377457893199740e-01
4.977074632351741190e-01
5.014820663921402133e-01
4.985749568329872483e-01
4.968136988371890661e-01
4.787653781709282352e-01
4.835260735878939009e-01
5.077515514051529344e-01
5.358768596245238047e-01
5.474211409168686648e-01
5.001008843561742800e-01
4.970693648983606217e-01
5.001474290388486788e-01
3.480787853716548197e-01
4.921721480955785211e-01
4.931588784188584151e-01
4.923727244219378019e-01
4.949592612511664047e-01
5.046881262789069122e-01
5.009135932132369184e-01
5.032154456902684370e-01
5.114660987479563437e-01
4.923176765177583736e-01
4.983477191240974769e-01
5.022775408928834562e-01
5.068405815319256824e-01
5.115651156008798051e-01
5.172389584538180651e-01
5.074507052836831900e-01
4.996463666379515889e-01
3.530215233969919431e-01
4.978078854523986241e-01
5.000988768356865455e-01
5.723172374414599028e-01
4.961460860302377984e-01
4.920484875046992057e-01
4.907508409968747154e-01
4.908836724612389846e-01
4.943766368978579351e-01
5.064602800554278694e-01
4.963075028663135879e-01
4.948412165965926368e-01
4.805065317076848697e-01
4.857780214863085533e-01
5.094623140977392328e-01
5.086163465196050781e-01
4.992120629597854298e-01
5.061243298175398531e-01
5.099698205033518228e-01
5.115720424624062845e-01
5.103133820747073335e-01
4.814363570857133068e-01
5.059854748972802962e-01
5.077069649268177720e-01
5.084032309319789222e-01
5.082751803967944237e-01
5.122204662108774675e-01
5.090595729491551591e-01
4.021949757717506735e-01
5.078711422140299581e-01
5.504817555280987484e-01
5.090868923896352261e-01
5.056514480894005459e-01
4.845882897069778705e-01
4.813623379376517075e-01
4.971374202466548597e-01
5.018253727113499707e-01
5.982621982540012873e-01
5.060729759496588320e-01
5.213390137873072927e-01
5.028570164448692426e-01
5.002097133763444559e-01
5.006794999413060054e-01
5.262449972254694686e-01
5.576468306330379932e-01
5.981824519957682496e-01
5.110862804006210958e-01
5.028461335339060589e-01
5.082248793290766731e-01
5.649184579558477193e-01
5.029123636536069197e-01
4.803763404080585442e-01
4.691249858605829326e-01
5.010655705410141936e-01
5.032198914780942056e-01
5.543867171650282977e-01
5.051632064858326832e-01
4.001190778277871618e-01
5.042827073393938431e-01
5.020641842525312981e-01
5.038927562850481490e-01
5.081496816286457108e-01
5.188056206239766155e-01
5.103842250471154474e-01
5.260148765163685791e-01
5.287084545488297538e-01
5.053383316488503363e-01
5.188544341898322365e-01
4.994257760274379288e-01
5.942723364991036039e-01
4.993359413735090069e-01
4.988812087457924482e-01
5.006444440073477553e-01
5.027849649657810671e-01
5.362703048653849613e-01
5.265198692316277462e-01
5.257459989292234681e-01
5.081293313814492230e-01
5.080728651288323183e-01
5.119708572167683824e-01
5.145574974689912651e-01
5.153857959479191120e-01
5.110115854684738057e-01
5.260025769121901007e-01
5.075303877677120878e-01
5.048318176504137389e-01
5.000209970768221268e-01
4.843506762001579258e-01
4.987110710498312560e-01
5.033991396240140581e-01
5.042090480386055562e-01
5.496566578457054986e-01
5.069800381093227948e-01
5.058124510224191184e-01
5.032515396961336762e-01
5.053864112653631002e-01
6.120478829036183344e-01
5.060747816229693719e-01
5.038991657257760881e-01
3.663739474624062575e-01
4.972121205485420803e-01
4.998057392538856059e-01
5.086400682252779637e-01
5.371052029310054987e-01
5.368797977734249827e-01
5.111669108911329751e-01
5.091304064732712353e-01
5.091689490647706151e-01
5.094865173015947768e-01
5.082201134176175250e-01
5.032106980236605853e-01
4.918026482855643589e-01
4.998294501640886955e-01
5.012105149194574505e-01
5.021940583877607667e-01
5.012067641569852849e-01
4.994666355520936962e-01
4.995840973484458880e-01
4.899083641492920638e-01
4.951922334769041645e-01
5.347804818214322298e-01
5.332864857345338550e-01
5.063825701946138569e-01
4.932779131475914514e-01
4.995474069754857194e-01
5.091433024725962042e-01
5.094633927451477362e-01
5.096849661285748345e-01
5.096070510557315636e-01
5.097380532224521366e-01
5.096419246942398562e-01
5.099151795667294929e-01
5.099744112750613789e-01
5.078175846055452691e-01
5.013330548647245699e-01
4.330557783887199474e-01
5.035611717943833110e-01
5.013070282784192200e-01
5.010635172681322524e-01
5.015678953984645805e-01
5.009313292685151353e-01
5.010508078743248772e-01
4.852104333168316685e-01
4.840645608429858249e-01
4.963960864295028919e-01
5.006834826325885501e-01
5.023323724883512753e-01
4.817304076011447722e-01
5.238752760060481073e-01
5.233712147878328835e-01
4.959337220077776331e-01
4.934206329073437258e-01
5.007283917299905074e-01
5.033632747292036136e-01
5.890622657177859711e-01
5.057169278018913694e-01
5.048340299927733810e-01
4.881192803366878330e-01
4.879013557048423877e-01
5.009977052952692134e-01
4.877386009704389180e-01
4.987975462021671524e-01
5.023877849803245477e-01
5.045118757206884519e-01
3.963211792499921060e-01
3.570490764662715977e-01
4.906016067690311955e-01
5.042539505541978606e-01
5.008833600128805852e-01
4.955435464612593655e-01
5.017710799197976357e-01
5.042247222652084249e-01
5.059423604318011858e-01
5.037292990412762794e-01
5.004247853682985969e-01
4.957495537928630625e-01
5.034404115146425829e-01
5.128638772969328352e-01
5.021674165757330499e-01
5.241405333791923082e-01
4.986619856544471929e-01
4.992069802501097331e-01
3.989309771868772003e-01
4.922211294657755087e-01
5.213344943345536997e-01
4.974466935972789994e-01
4.975702879445692561e-01
4.989720109031950401e-01
5.001474284520882607e-01
4.916717590823730943e-01
4.793459290205424050e-01
4.861525941724022526e-01
5.046069688952037335e-01
5.038261686001277440e-01
4.986876813349443993e-01
5.006289557756045117e-01
5.004771040303113150e-01
4.981833802433492941e-01
4.952121934762772626e-01
4.924543065468720560e-01
5.059629764526399898e-01
4.949786005452841975e-01
5.002257365203960360e-01
4.987952483304131657e-01
5.019939115963489851e-01
4.969719782234844341e-01
4.708682519404270295e-01
6.271313319264690822e-01
5.011698381677237579e-01
4.969728072939822994e-01
5.125769498202354946e-01
4.891165152133857275e-01
4.949751911012392203e-01
4.986182316178224827e-01
5.161860090727852235e-01
4.973701038866378266e-01
4.687210501336344648e-01
4.980171148959654515e-01
5.064453926132548300e-01
5.431044462513361371e-01
5.331834291963801764e-01
4.998964420676573761e-01
5.039021590923971061e-01
5.046349755677055349e-01
4.967989637689106952e-01
4.971881117878738099e-01
4.990204287380513026e-01
5.000935749569137556e-01
5.001606126524866802e-01
5.000845973375527276e-01
5.014393094005165086e-01
6.100686912476613877e-01
5.028102705010437656e-01
5.032263526142117804e-01
5.039852703561544800e-01
5.043692050198608223e-01
5.044047139909479949e-01
5.043970451416552869e-01
5.059892619737108577e-01
5.053961292192034049e-01
5.032920065852759528e-01
5.023690875936867029e-01
5.015868744406786206e-01
5.006438308478434740e-01
4.563160426395791447e-01
5.007857123306431735e-01
5.001527250238635425e-01
4.992737103055560621e-01
4.990387801034454895e-01
4.991015423847587895e-01
4.996340582982092826e-01
4.982458365773314579e-01
4.737034807291186089e-01
4.480557650058812902e-01
4.786648510597784067e-01
6.244688085778966613e-01
4.919953281828104430e-01
4.986434274659968802e-01
5.028580642335310769e-01
5.029405566214865120e-01
5.027345041300048667e-01
5.038556585194953197e-01
6.307723091172356966e-01
5.985234048569472165e-01
5.031545481796450003e-01
5.030515699690403242e-01
5.038755070565558158e-01
5.064114647269450931e-01
5.050312378111871947e-01
5.044278417611101073e-01
5.031378296830619767e-01
4.973425165958349492e-01
4.964784711293976915e-01
4.997835772656388786e-01
4.806084218464165003e-01
4.987218955507134455e-01
5.000841225378529487e-01
5.001472146853888079e-01
5.017978422685298590e-01
5.080310547412372202e-01
6.575139612875369188e-01
5.026027207953436271e-01
5.022188310371831221e-01
5.085328137976319329e-01
5.237674450526056402e-01
5.259932197450186697e-01
5.100127225958066557e-01
5.078051236735476870e-01
5.062649300781297823e-01
5.007172148340161000e-01
5.020576039248959566e-01
4.938493539945490451e-01
5.092773000493835411e-01
5.080360196772784054e-01
5.056652127062524205e-01
5.037022990804678191e-01
5.045587941755735883e-01
5.068779996476453498e-01
5.118975102376502884e-01
5.117086281170739603e-01
5.074714406550910883e-01
5.248945590742192246e-01
5.253700276843376038e-01
5.113986819782826432e-01
5.298298068157200058e-01
5.122112922655197575e-01
5.076355509494141494e-01
5.109599861050965197e-01
5.061209509796275041e-01
5.035770733145303879e-01
6.282205624331829164e-01
5.021327569049697237e-01
5.002758529064259552e-01
5.008359287982935282e-01
5.032890275112036349e-01
5.214072985106172897e-01
5.113884512714012009e-01
5.145875722665369523e-01
5.171399841061909974e-01
5.211987994272546665e-01
5.184237577602346381e-01
5.181206430380335126e-01
5.240506630861464510e-01
5.141788597809371364e-01
5.176283139604662686e-01
5.179424638564108507e-01
5.984628261814854966e-01
4.771719633221109258e-01
5.054285068238728584e-01
5.147759491876355842e-01
5.195530482890984292e-01
5.247254977764836958e-01
5.123892426175749026e-01
5.049530104082375903e-01
5.054526601831854649e-01
5.131806196297800104e-01
5.144204418883504548e-01
5.106991075118192391e-01
5.070796732200306689e-01
3.832957602851837509e-01
5.077080073051153386e-01
5.143536843036997652e-01
4.643458127007552561e-01
5.175089301547041165e-01
5.093837874147533196e-01
5.125519608593087639e-01
5.132017296809882057e-01
5.118290903936075775e-01
5.097430918973745451e-01
5.075598603191677771e-01
4.872348149392372041e-01
4.869302572317415478e-01
5.069847999478085399e-01
5.043201045212581946e-01
5.022951832056237187e-01
5.053543143619401157e-01
5.094061440714539035e-01
5.080589142541120928e-01
5.087879846258319683e-01
5.047149723315924597e-01
5.242901464614496687e-01
5.070734631451569996e-01
5.074601957869995239e-01
5.008575571603332000e-01
5.174820898256307089e-01
5.114287683002425311e-01
5.105150246798002556e-01
5.097132168045536149e-01
5.112834667758427987e-01
5.116020255669252448e-01
5.111735685570978349e-01
5.116952808600545577e-01
6.438823431146463161e-01
6.333321245775005437e-01
4.894529966798821796e-01
4.830692007504437946e-01
5.318145655688848450e-01
5.090030205566279387e-01
5.082137621106948000e-01
5.068500672629596693e-01
5.030654411741217746e-01
4.797459158564615356e-01
4.573750517988842690e-01
4.851500624909907966e-01
5.060597740744076090e-01
5.036936691472782002e-01
4.904460774526362976e-01
4.963829012074499891e-01
5.071626753418050360e-01
5.095221741961848405e-01
5.044608020678624793e-01
5.353995623543782445e-01
5.016844880397810513e-01
5.038930644226146116e-01
5.079713401693741748e-01
5.128259683985780804e-01
5.130720813109030942e-01
5.000082144256847716e-01
5.067350175508460453e-01
4.095976620120487244e-01
4.864951855107666479e-01
5.115856484766242440e-01
5.078176186171807771e-01
5.054512000050521703e-01
5.074140054620157603e-01
5.024919181056015649e-01
5.098553050861066582e-01
5.077072389017436294e-01
5.056646752422672142e-01
5.048012000632359220e-01
5.063785107050013945e-01
5.096521675283682828e-01
5.103884363107658029e-01
5.073998496387622792e-01
5.016163601007926909e-01
4.951675202273029264e-01
4.912852865741725306e-01
4.945896489248016170e-01
5.224766626558600136e-01
5.238749356545486791e-01
4.983314513881162977e-01
4.937816034898629969e-01
4.772018790713398739e-01
5.221333386841022772e-01
5.183676443140453616e-01
4.954267656900831485e-01
4.977928019488904732e-01
4.440320388017707787e-01
5.108265077348468353e-01
5.134522404990014000e-01
5.106672358744186457e-01
5.195037745581063682e-01
5.148829132297547684e-01
5.115296300771111637e-01
5.066945383269134684e-01
5.010473125130493477e-01
4.962413011218017589e-01
4.915839755235332231e-01
4.903708707802677536e-01
5.063831138504284457e-01
5.065603218211893743e-01
4.889045715184164864e-01
4.906013606515927106e-01
5.016511537866564785e-01
5.051914739178910985e-01
4.903188782611408447e-01
4.781995729746864043e-01
4.956299197571644166e-01
4.978329560239101448e-01
5.169595493545454667e-01
5.129504002784007755e-01
3.873105822771671924e-01
4.928969155423592596e-01
4.987026227689478342e-01
5.050122428666917740e-01
5.094124778296245104e-01
5.091473954336787067e-01
5.049508388407883963e-01
5.015225501782369921e-01
5.122355748186410151e-01
5.002198189481419366e-01
4.902953931330116255e-01
4.959610618810554872e-01
5.997168933452150519e-01
5.007888958867777740e-01
5.041672309804692276e-01
5.062564629560688534e-01
5.062944192624356798e-01
5.058128260416269173e-01
5.062136661258196391e-01
5.070578102209288840e-01
5.076999817460539077e-01
5.072501499592934060e-01
5.061198202374070920e-01
5.058546148386512398e-01
5.066715416112251846e-01
5.078313000773009289e-01
5.083767101179625936e-01
5.079237259629529877e-01
5.072230607092620414e-01
5.062883898187504617e-01
5.058320003816609844e-01
5.056963894343546873e-01
5.754885740932373928e-01
5.075321291236343235e-01
5.064758441570140768e-01
5.046273714532885091e-01
5.123341644924426230e-01
5.031402394223816188e-01
5.050441197380955982e-01
5.057182169553693374e-01
5.017720601349056064e-01
4.873875253660916451e-01
4.868660479329979252e-01
4.972536274442040383e-01
4.832567905419811738e-01
4.841864642529479790e-01
5.031629925969098860e-01
5.056166220584707993e-01
5.065738147123095558e-01
5.071427767902285666e-01
5.064914630118974026e-01
5.056185498041694260e-01
5.054565342045842513e-01
5.053018392721961849e-01
5.060281331752984890e-01
6.209394000578786210e-01
5.076400740472801765e-01
5.953345382035277744e-01
4.395616910418257417e-01
5.052804648857862624e-01
5.025751163129599242e-01
5.572563528821993240e-01
4.832481795608057906e-01
4.831640146852827500e-01
5.020924721068181773e-01
5.031098048673016132e-01
5.036397255431447340e-01
4.956785021885246056e-01
5.022832705690964961e-01
5.057308886118185853e-01
5.019968863072185039e-01
4.990968903799183343e-01
4.993743450382041593e-01
5.024264680163372798e-01
5.066506553677265767e-01
5.086040849872095482e-01
5.478655480746500439e-01
5.665609028993947582e-01
5.826334223489930686e-01
5.755532657655658690e-01
5.470018004589615179e-01
5.151704633503719766e-01
5.225081333233518865e-01
5.600469589824927930e-01
6.017754613712722467e-01
6.184663934417595765e-01
5.980281886483197473e-01
5.450862767453279467e-01
3.353247148468089245e-01
5.312077311406658842e-01
5.792148077005687679e-01
6.224364255369925214e-01
7.366304518237483112e-01
4.003772754321144323e-01
5.830238734901742603e-01
6.086670023126845575e-01
6.055357476898417524e-01
5.314263605260238776e-01
4.459700823235639433e-01
3.968825667320785566e-01
3.533925651614850949e-01
4.215269312708652683e-01
4.742212763448001578e-01
5.300925872893355040e-01
5.709556278403495888e-01
5.928861275805794584e-01
6.112202311916286046e-01
6.163091413195700419e-01
6.064787467240567720e-01
4.992655115140720024e-01
6.177623207334108635e-01
6.263381756155590452e-01
6.099043092151776868e-01
5.495739709971713127e-01
5.710854860379207532e-01
6.635157185538971270e-01
5.804477733686179697e-01
5.981841502985509873e-01
5.753949835803728874e-01
4.326016858966962308e-01
6.115332216976723245e-01
6.323091294191827139e-01
6.103751545731154193e-01
5.809296443787219655e-01
5.498974904118335560e-01
5.337364021743540299e-01
5.340082413760224300e-01
5.596305649808421823e-01
5.886984443726198668e-01
5.591243497407094587e-01
6.158761671184368458e-01
6.149518202391204280e-01
5.824676903879087986e-01
5.654114446949511930e-01
5.750225113837876822e-01
5.641601763013710524e-01
5.603843092079718868e-01
5.642725694104203660e-01
5.665813292646066923e-01
5.612516126063287203e-01
5.369627674521255667e-01
5.566563724873787589e-01
5.675765039188206407e-01
5.766673952784400203e-01
5.711370614098064680e-01
5.558251197212897843e-01
5.502177788950990411e-01
5.603319925411803792e-01
5.677832455430391612e-01
5.753092403161181867e-01
5.728349632922785650e-01
5.690873394314190925e-01
5.493367395382265927e-01
5.486238832256764564e-01
5.526772806420379158e-01
5.619550229645091655e-01
5.717509213574785143e-01
5.769362673963623900e-01
5.750081320914427474e-01
5.677464620568071219e-01
5.628741796636160810e-01
5.585260333108695852e-01
5.543867211967319353e-01
5.576466663238686117e-01
5.604161780514886892e-01
7.198619059071742488e-01
5.677044285455042916e-01
5.454742021760523585e-01
5.414586873769084985e-01
5.498221172948190016e-01
5.630433334961566505e-01
5.550083177287338243e-01
5.601512428359869400e-01
5.658180060399895517e-01
5.583224626576669403e-01
5.369579851834391793e-01
5.409156706497322276e-01
5.471085978520051629e-01
5.564751166183443676e-01
5.661153765152188155e-01
5.412899936173445337e-01
5.297873787863591755e-01
5.593641484718567813e-01
7.484202963465915737e-01
5.678706220919014225e-01
5.488969999484945017e-01
5.542312413747181310e-01
5.713240467336807571e-01
6.614615355465757185e-01
5.496722951262581480e-01
5.679447976323876990e-01
5.841610911852511689e-01
5.948955955102699367e-01
5.841503375054994951e-01
5.626686819403465822e-01
5.458986785087018845e-01
