2.371571511895696413e-02
4.218501487312847908e-02
4.218502765251593706e-02
2.371673565435792469e-02
9.590061547084393068e-01
9.607189495311365679e-01
9.607288904614601499e-01
9.606780480363001917e-01
9.606898223980806506e-01
9.606911061198185608e-01
9.606922512640082568e-01
9.609790074715283126e-01
9.590393984925320581e-01
2.119985521968863890e-02
3.861788027225451086e-02
3.926465356221557623e-02
3.928183328956651871e-02
3.920130696908368656e-02
4.267660392472356901e-02
4.168649027418246805e-02
4.135972539682166577e-02
3.929526791076769915e-02
3.928232635113119986e-02
3.928132258972659441e-02
3.928226117517535920e-02
3.928350633012300808e-02
3.931912817840291924e-02
3.931837084670485732e-02
3.925353293833071244e-02
3.925586793641338418e-02
3.931600290937065090e-02
3.933930312060539281e-02
3.931575725715417968e-02
4.092456767048310157e-02
4.223779494726798839e-02
4.099280845088258685e-02
3.930844592977434521e-02
4.087514440954333889e-02
2.369328839615693003e-02
9.590135840512534759e-01
9.607128750451102706e-01
9.607183307770952307e-01
9.608340600584917013e-01
9.565923662365030111e-01
9.608340628854654675e-01
9.607183182433208790e-01
9.607089368507666371e-01
9.593680787131919629e-01
9.593674990242420098e-01
9.606255787811955882e-01
9.589950959686380783e-01
9.590533633569789940e-01
9.587552008008800586e-01
9.587661995701144413e-01
9.607049041220317998e-01
9.607138551833228624e-01
9.606886074602616343e-01
9.606089489576203899e-01
9.606104636496243243e-01
9.607712827312865356e-01
9.587023216548874460e-01
9.607769244925260521e-01
9.607179422190085250e-01
9.607232781991039694e-01
9.616034786872738049e-01
9.617506557001846978e-01
9.564352959588959813e-01
9.608357415970869564e-01
9.590236950597906818e-01
2.190314152936721076e-02
3.916638662236777979e-02
3.911444674876570632e-02
4.179413250723722217e-02
3.913684697550375013e-02
3.909345376428857016e-02
4.427184515087483757e-02
3.764531155875831814e-02
3.778630360498447943e-02
3.930061399758668500e-02
3.935620598282717902e-02
3.934902572114883784e-02
3.863825619535412453e-02
3.864509023657396181e-02
3.928163978718157701e-02
3.928258536618622898e-02
3.927928941904916538e-02
3.916547586892597105e-02
3.915348994916290071e-02
3.749678595955625166e-02
3.750035295936599011e-02
3.927162631789905822e-02
3.928283626757464453e-02
3.928262888226167343e-02
3.928712046398576130e-02
4.098697588323758217e-02
9.762820570268160303e-01
9.578143106349008562e-01
9.591546159510861980e-01
9.567731909599561657e-01
9.610164910714611430e-01
9.591136666211355077e-01
9.591079092999195144e-01
9.606864555383932691e-01
9.590312626531504181e-01
9.590320040344155750e-01
9.607030596038437231e-01
9.607033937625766296e-01
9.607135747949521187e-01
9.607170650464946782e-01
9.607072740362935237e-01
9.606804274884638284e-01
9.607685768611540222e-01
9.584196364041719374e-01
9.606686819380122477e-01
9.607149927295992597e-01
9.607173327183793354e-01
9.607184405608356625e-01
9.607696635647298145e-01
9.606992076890789045e-01
9.589476674682368973e-01
9.556214358033510159e-01
9.577605515429928884e-01
9.556215929821488819e-01
4.214232019648436051e-02
5.848726617110252407e-02
5.906298243829267297e-02
5.834948106200266854e-02
5.853882407080806399e-02
5.854280975194570830e-02
5.857097691163584002e-02
5.986901845815019441e-02
5.993320213224845316e-02
4.473222039656538085e-02
9.419722571537866296e-01
9.411688817068826207e-01
9.414453021840418767e-01
9.414385393576827354e-01
9.402075301111456618e-01
9.388412281213666111e-01
9.348085548995647143e-01
9.415526975429230339e-01
9.414466733283982647e-01
9.414417829366975576e-01
9.414417836251920413e-01
9.414460986971662226e-01
9.414567387687288180e-01
9.419865525815654950e-01
9.414469466561040667e-01
9.409573590169393320e-01
9.414424133929814031e-01
9.415303273444044496e-01
9.415035176002828354e-01
9.398840123251288592e-01
9.574143996455370953e-01
9.572734471379228394e-01
9.398526210063767872e-01
9.398457905423432956e-01
9.552554193910831604e-01
4.214899656990531152e-02
5.855089198872710787e-02
5.855380562260520394e-02
5.856493702114897587e-02
6.035938478617693809e-02
6.035937887554317094e-02
5.856498177891782814e-02
5.855326470227426722e-02
5.848096504398773987e-02
6.287130589791890822e-02
5.847561037668009415e-02
5.868246897251114258e-02
6.274595489105115609e-02
5.835079462055083044e-02
6.478547830304931532e-02
5.845248970500099145e-02
5.855595553083267624e-02
5.854983394606071145e-02
5.851782393925030606e-02
5.739176219291063086e-02
5.853084262251164599e-02
5.943342110470858919e-02
5.943078033652082065e-02
5.855934326837979736e-02
5.855427884462170718e-02
5.860922595001119562e-02
5.571745550353009169e-02
6.088723286562844339e-02
6.045545099518709331e-02
5.859183565473139593e-02
4.390887823352102037e-02
9.398067056704911826e-01
9.398392079625673690e-01
9.403036616905634526e-01
9.400408230375495444e-01
9.405564973144004970e-01
9.392500229348451635e-01
9.391773103546759982e-01
9.463727152716077118e-01
9.413573193564870323e-01
9.414693634625136420e-01
9.424393094143466154e-01
9.414267577385846408e-01
9.435684570240338020e-01
9.414388818013647020e-01
9.414466809431971672e-01
9.414454698589167503e-01
9.414054062455964322e-01
9.393911513582755557e-01
9.412865720560081861e-01
9.472244420233288942e-01
9.413304153173512878e-01
9.414491487173239914e-01
9.414463897971879769e-01
9.414460721063302451e-01
9.414493438852283846e-01
9.578553472978432737e-01
4.437882587728230604e-02
4.267208679829643386e-02
6.181387909083259358e-02
6.022127814594828432e-02
6.003718509382069413e-02
4.305891339172247811e-02
6.019291045602908480e-02
5.849207959294096260e-02
6.393919355446492370e-02
5.846357435589948776e-02
5.851551264953325920e-02
5.851626543188151452e-02
5.855282833796385256e-02
5.855156662338786150e-02
5.846060138590986055e-02
5.846643614807491701e-02
5.946738861347593275e-02
5.798672425613080744e-02
5.852886560413068928e-02
5.855335918919087057e-02
5.855347620788232260e-02
5.856905452136627888e-02
5.942512968280901087e-02
5.759772436888835334e-02
4.212086237406700850e-02
9.580573500843119206e-01
9.584253978870194146e-01
9.580579099381704156e-01
9.404243528587575840e-01
9.406520912177054328e-01
9.384739632989155256e-01
9.412645298781445735e-01
9.392025323605412979e-01
9.392332260630229523e-01
9.392517774415283238e-01
9.565623722991605238e-01
9.565952052217030488e-01
9.522902684864128497e-01
5.904345486330082882e-02
5.893120036789017274e-02
5.795938719289555480e-02
5.792466438716650096e-02
5.784493484029976096e-02
5.793790321738297167e-02
5.953474917534022637e-02
5.795151926901132011e-02
5.792228784027968203e-02
5.787867603942575823e-02
5.787870622409924115e-02
5.792419618149213106e-02
5.795651830790714970e-02
5.604119493271965402e-02
5.793455759566104590e-02
5.963255082972478138e-02
5.951290556185440117e-02
6.216606442555593776e-02
6.216421821388883745e-02
4.403121006926705855e-02
9.564238383434887636e-01
9.518744517013907336e-01
4.407557851926851428e-02
4.399217388961033925e-02
9.557733289550337519e-01
9.404936939955761410e-01
9.420484454778039751e-01
9.420714543402706198e-01
9.420760980919203886e-01
9.421704751996983207e-01
9.421704015161810331e-01
9.420767818501897262e-01
9.420738766256361307e-01
9.420496466392416224e-01
9.408227325729517920e-01
9.420449493883096270e-01
9.419284630688169457e-01
9.434170009942147717e-01
9.419611031134337287e-01
9.402636121692597992e-01
9.420372401576982968e-01
9.420481502815372110e-01
9.404712923948624903e-01
9.391198620415125431e-01
9.435937197641709462e-01
9.403824733190375706e-01
9.421024683985217418e-01
9.421207510394355999e-01
9.420753275310014274e-01
9.420743577432562077e-01
9.420903977667894891e-01
9.429126129222733521e-01
9.408194989651593731e-01
9.422076855190140154e-01
9.420677737748406333e-01
9.562956931186892273e-01
5.943520112469145855e-02
6.338983453417078306e-02
5.775706051006836150e-02
5.880649472571798653e-02
6.089676720135845517e-02
5.936783455354281008e-02
6.064248284843077458e-02
5.942514045785665666e-02
6.075372095561824837e-02
5.959802173853937651e-02
5.449332861129819322e-02
5.798501227891483117e-02
5.789948319290696283e-02
5.849523374451339602e-02
5.792853068836161662e-02
5.792235956654685075e-02
5.781048001258633912e-02
6.494307760291177789e-02
5.778718210462663318e-02
5.629655756833285007e-02
5.793772017652881745e-02
5.797025769683864654e-02
5.792691304107743661e-02
5.792606975875927433e-02
5.795232504046496369e-02
5.956801982052208067e-02
4.189335670699495529e-02
4.569585136722897206e-02
9.560513130122639813e-01
9.393198101029337499e-01
9.559922195951635615e-01
4.829770965385693504e-02
9.556961104213094194e-01
9.407073605740041700e-01
9.404929114512972088e-01
9.420399789590114814e-01
9.414002414714347511e-01
9.414008434981950835e-01
9.420709186313485084e-01
9.420666221539669705e-01
9.402243192388466397e-01
9.402291970901657248e-01
9.420326157037173243e-01
9.475258209009589372e-01
9.419722479598842124e-01
9.420733068223042794e-01
9.420667634115638123e-01
9.420948922489432720e-01
9.389212639109016934e-01
9.454663238808089787e-01
9.403663064662460824e-01
5.956888137861364452e-02
6.082340572836573978e-02
6.082346920551667813e-02
5.957504308667209425e-02
5.790745800291493411e-02
6.358144620501778033e-02
5.985688700818486002e-02
4.169166671988237816e-02
4.157704092247795080e-02
4.150097019260796244e-02
4.381687812064603144e-02
9.760274814670045762e-01
4.675522170904101299e-02
9.576227808786438311e-01
9.433140657273134666e-01
9.425262289488979262e-01
9.420342109252604068e-01
9.420088231396964717e-01
9.416876158020658361e-01
9.432653719144930005e-01
9.420682080826239257e-01
9.419907401222056276e-01
9.420040201200632346e-01
9.411704580891229188e-01
9.420043142842406958e-01
9.420136460218756502e-01
9.425528412190860017e-01
9.425565030355892437e-01
9.415076364638392814e-01
9.399604895203519384e-01
9.581622535843289379e-01
9.552228957486991190e-01
9.564123480940468491e-01
4.409933898823918674e-02
6.257328708829063002e-02
4.619517693505149902e-02
9.542196541577836477e-01
4.431005140711632984e-02
6.068862177504587979e-02
5.799745486511103526e-02
5.797030248739740849e-02
5.797040023988461743e-02
5.798846662410139796e-02
5.801399511090045424e-02
5.798835044784096671e-02
5.797924776492231758e-02
5.797731070778215645e-02
5.791121590826200927e-02
5.790221245765954372e-02
5.795756260168121593e-02
5.710783482660212323e-02
5.711011634839982531e-02
5.788674396410447426e-02
5.789971725656349599e-02
5.800658550779800443e-02
5.955398130342851731e-02
4.192212055998696674e-02
4.022673777266443790e-02
4.059835539075162120e-02
5.963932475073137340e-02
5.802387903744859327e-02
5.798711156930675542e-02
5.797933758409751920e-02
5.797945360769509587e-02
5.803161189872076131e-02
5.843974646702370518e-02
5.842060762490584175e-02
5.819799985945028897e-02
6.082056686306826221e-02
9.580314957091797812e-01
9.404074201771628339e-01
9.403057015883375946e-01
9.416934232144066330e-01
9.408370874220958191e-01
9.395735869104135940e-01
9.580046317090111785e-01
9.583088543376386825e-01
9.583220989626498598e-01
9.580693579628846157e-01
9.415407573643994610e-01
9.430693048435592196e-01
9.419483398738454083e-01
9.398827948148867906e-01
9.420513963622954012e-01
9.420203382614954490e-01
9.419793149484890771e-01
9.399262882475527547e-01
9.399532640922576565e-01
9.419010758405117478e-01
9.419245261611705056e-01
9.427382358269369433e-01
9.420348586651428047e-01
9.420211470929732434e-01
9.420210634431375185e-01
9.420228922232134483e-01
9.404183636551172176e-01
9.384020699373971652e-01
9.549755276829601236e-01
4.373196523170389677e-02
4.370852458171410604e-02
9.561380169011121088e-01
9.506319851363703721e-01
4.360870889825105290e-02
5.765051519340715080e-02
5.789479216790852090e-02
5.793923689648489833e-02
6.029466524291227786e-02
5.794238856295812895e-02
5.798190353626474919e-02
5.790263105927101472e-02
6.561492063658487528e-02
5.795039081769530476e-02
5.651061744723530345e-02
5.644342381254890961e-02
5.797046743064202673e-02
5.797692823091749048e-02
5.790339120911217746e-02
5.879217134608547002e-02
5.786304190070731823e-02
5.695527563797965487e-02
9.420182607152494114e-01
9.420319625306714517e-01
9.420320034946477739e-01
9.420243555460297014e-01
9.419935081624615236e-01
9.390637135055057705e-01
9.559432074637339571e-01
4.368903614439176991e-02
4.170914381944115096e-02
3.877257551740089653e-02
4.207528806387614284e-02
6.138855824391049876e-02
4.226042353442931859e-02
5.958681596365521249e-02
5.247419372777853419e-02
5.550418995061744826e-02
5.803074136501013003e-02
5.795928789791710695e-02
5.893769741140604534e-02
5.755192929969341759e-02
5.745154383668180098e-02
5.745030089411565927e-02
5.792908723781274583e-02
6.089921053496288178e-02
5.792936459694964652e-02
5.787824706809732711e-02
5.789958355062911621e-02
5.799576580845985929e-02
5.952620935601090485e-02
4.401527542947916705e-02
9.564326543872607722e-01
9.544417344541521464e-01
9.581900556173025274e-01
9.405532445834742239e-01
9.421699383691166663e-01
9.405813902800892468e-01
9.577164882864365181e-01
9.420256093185815915e-01
9.405000679212363046e-01
9.420748842511423859e-01
9.419145894553958565e-01
9.419145790646128447e-01
9.420251235668679612e-01
9.420294617242361834e-01
9.420217678517603943e-01
9.420209949159267238e-01
9.420206201538323665e-01
9.420117302595637510e-01
9.419030592460577722e-01
9.419060636939552422e-01
9.417115219275810079e-01
9.417162352595084274e-01
9.420934705631749395e-01
9.421323276805101399e-01
9.404851879129608738e-01
9.559564169745962126e-01
4.353438473153410648e-02
4.139708182748777499e-02
4.366131539450156945e-02
9.557307419273269877e-01
9.404569357231643556e-01
9.420231896497800461e-01
9.420208402985297269e-01
9.420114795199370228e-01
9.420163136883509258e-01
9.420487516332181066e-01
9.420568684426252615e-01
9.414004758042413545e-01
9.580634823419346136e-01
6.071082300927339165e-02
5.780520072127150188e-02
5.825379826936392946e-02
5.794960481777450267e-02
5.948774996757988376e-02
4.398630372383698084e-02
9.562838213591223768e-01
9.583966469685256673e-01
9.584160975634619106e-01
9.563240616084339729e-01
4.574340096899638664e-02
6.098397150898685060e-02
5.686366240570549235e-02
5.744347339382267076e-02
5.798387155976400531e-02
5.797634413836438155e-02
5.746879651411675172e-02
5.736476230274411420e-02
5.787378189756822722e-02
5.798101876668802779e-02
5.801842238311323563e-02
5.547358636633046430e-02
5.802393069820237920e-02
5.797934332586360956e-02
5.797924154991912493e-02
5.798224792739337802e-02
5.797440239622592834e-02
5.795317084238255784e-02
5.949078929269824983e-02
4.195006580792137035e-02
4.197847312133907993e-02
5.964549269444299751e-02
6.177290989607180094e-02
2.412239194878517540e-02
9.406723337468287927e-01
9.420112445046406879e-01
9.420080009042806068e-01
9.413576541446763146e-01
9.420191318775570366e-01
9.420585709462824253e-01
9.420729130020178976e-01
9.367226214382233795e-01
9.429023403073271137e-01
9.427861027475477051e-01
9.419225811128012493e-01
9.420184733238659014e-01
9.420124727513197183e-01
9.405360438106715737e-01
9.406052946855616437e-01
9.410949407589193072e-01
9.410236697164082731e-01
5.795124021387795810e-02
5.795263649438101017e-02
5.795192315607598788e-02
5.795380978718552706e-02
5.949945903453746771e-02
4.398211285924059910e-02
9.559909257111850467e-01
9.393058010210481035e-01
9.404706764279477937e-01
9.404093635993462375e-01
9.405036456474925588e-01
9.404802944374763829e-01
9.386929918234595549e-01
9.436013338916562354e-01
9.436241582514325321e-01
9.428713227334688529e-01
9.420778809523031594e-01
9.417354421773868056e-01
9.401097702978142845e-01
9.419906826584356629e-01
9.439069838402722734e-01
9.420373564032354929e-01
9.412230477670963102e-01
9.412227571402044246e-01
9.420315584481182558e-01
9.401138661009600384e-01
9.418142365984956133e-01
9.404236744178807728e-01
9.559308660353775799e-01
4.402780665729575521e-02
6.250671250120026778e-02
6.250918650564293855e-02
5.957999808203407605e-02
5.993196913447450258e-02
5.802951087466921842e-02
5.952029041013835731e-02
5.961417786342308733e-02
5.334035537373153085e-02
5.896830834913134589e-02
5.789957629135066702e-02
5.634670268090376938e-02
5.789595596289285467e-02
5.803110039054681923e-02
5.792833933785784817e-02
5.792590944799118347e-02
5.792580172407939265e-02
5.792488683981172892e-02
5.789086234806321840e-02
5.628465265387666561e-02
5.787318448153349476e-02
5.877012030108158536e-02
5.793736557356177208e-02
5.954971515119449055e-02
6.023454520098518727e-02
4.406844601835886027e-02
9.559772981806267111e-01
9.397142130864877263e-01
9.391859801395725516e-01
9.559720217318200541e-01
4.416049718894164700e-02
5.957169129768097315e-02
5.795230733507850812e-02
5.792284144434038662e-02
5.776332568590228367e-02
5.792600991672446076e-02
5.793520266193946666e-02
5.811284372227486922e-02
5.970121088757576050e-02
9.562415422202408255e-01
9.399228210318821830e-01
9.418964445437556510e-01
9.419315220894106666e-01
9.404183002584530771e-01
9.559206561419815174e-01
4.395542304487255747e-02
6.068919266581858374e-02
6.074775964592304955e-02
6.077989470800493343e-02
4.408056233869766388e-02
9.525369211977955386e-01
9.404357007058210538e-01
9.460172805932963724e-01
9.420341442625108641e-01
9.420742668941118891e-01
9.420428928441889616e-01
9.438237290130365720e-01
9.420050991017521191e-01
9.421029117883773507e-01
9.421154665310615961e-01
9.427948964853943847e-01
9.427945562409257851e-01
9.420781095837400532e-01
9.420741950266879883e-01
9.420739987840824892e-01
9.420707709608913127e-01
9.420443551597199594e-01
9.420303685188069487e-01
9.404705746567032509e-01
9.393173550862514709e-01
9.405629623788254179e-01
9.421728186055385867e-01
9.397136696184025251e-01
4.352423630696818091e-02
5.795023808566455992e-02
5.792475023577817878e-02
5.789148611478426437e-02
5.806142083160703571e-02
5.794153064228691613e-02
5.859993243826708970e-02
5.876694772219748925e-02
5.880766211272162730e-02
5.489799342463323045e-02
5.795053831156702501e-02
5.791752652391692069e-02
5.792491214982410652e-02
5.783581087272605947e-02
6.210895006276374170e-02
5.833121538571495873e-02
6.112500341975897478e-02
5.787265033010072224e-02
9.414459424043568614e-01
9.414460988815096520e-01
9.414460553673256182e-01
9.414488492219648119e-01
9.578512383513497763e-01
4.473667733784977840e-02
6.013143329078007165e-02
6.005961106576344910e-02
6.010375236288160311e-02
5.863162288362783886e-02
5.884041221739400723e-02
5.874033965677621233e-02
6.484630093853246957e-02
5.852034077462917039e-02
6.303183982351914794e-02
5.990511810441058460e-02
5.856181055076954689e-02
5.844289358851178368e-02
6.419962956122318709e-02
5.844784661441608520e-02
5.802684598469078081e-02
5.854210842670456993e-02
5.850678720751163048e-02
5.850603227422987440e-02
5.844342690908851251e-02
6.527002928132688564e-02
5.915396235087443805e-02
4.212447221648821238e-02
9.552605566303428164e-01
9.398806050976791227e-01
9.415203426395679642e-01
9.415481985873570547e-01
9.415624120583355738e-01
9.346694520117899696e-01
9.415553177843757338e-01
9.414494335278936754e-01
9.414792112573537874e-01
9.430183549203433602e-01
9.415275402037566188e-01
9.413325586166993997e-01
9.470416910305889946e-01
9.413374606848016191e-01
9.410786056412127065e-01
9.414528851847764335e-01
9.414462731094069836e-01
9.414462042043665324e-01
9.414451875173439621e-01
9.413254541555085009e-01
9.472630676163219521e-01
9.413203224991180118e-01
9.411955418382165206e-01
9.415313436061304442e-01
9.360332517849270229e-01
9.565201953628407194e-01
4.477230197865349204e-02
6.011924435998713262e-02
5.843746291698524720e-02
5.856645300104491858e-02
6.012462223291164393e-02
4.474260412024754635e-02
9.578598477236660580e-01
9.414492852905297360e-01
9.414355729610054402e-01
9.420148455214829575e-01
9.414359873277734492e-01
9.414470018378428007e-01
9.414530532027257648e-01
9.398469197158871857e-01
4.377384830809018940e-02
6.586027622897937250e-02
5.842938537000951643e-02
5.854281774826521068e-02
4.213922989812932812e-02
9.552544971486308656e-01
9.390867461259222448e-01
9.397779017728853379e-01
9.405840554351658778e-01
9.414241255152294707e-01
9.398824622852567368e-01
9.551446885561636346e-01
4.214127784853091002e-02
5.742966451750998458e-02
5.853446003630691924e-02
5.855346727868653012e-02
5.854368676442153752e-02
5.804803072290046217e-02
5.854556192980298751e-02
5.925869840006962874e-02
5.926043033160298401e-02
5.860289070204723061e-02
5.859850108962985638e-02
5.855489882381263028e-02
5.855380343015297723e-02
5.855379055316552867e-02
5.855393335964557272e-02
5.855370847248950877e-02
5.855564442991659929e-02
5.856003684862504111e-02
6.017381339068405416e-02
6.017979996971073442e-02
5.865046250488589047e-02
5.663576545201783052e-02
9.560280819955143672e-01
9.414226654245896331e-01
9.414457477216802150e-01
9.414535594124114892e-01
9.408407479503495541e-01
9.414976056493064016e-01
9.391185975442793987e-01
9.415284627798526929e-01
9.415050722651160386e-01
9.423108782901796765e-01
9.414610581328934913e-01
9.414457543153909036e-01
9.414454419307015653e-01
9.413748145060252259e-01
9.424458386145698752e-01
9.394984011401982249e-01
9.405456280479814746e-01
9.414276392034918173e-01
3.928126643267883245e-02
3.928291789749109586e-02
3.928295487720170898e-02
3.928728289194146489e-02
4.098646377919602790e-02
9.763124820028327155e-01
9.591294338487812432e-01
9.607901865673919017e-01
9.572933978470350436e-01
9.608139082275485299e-01
9.607187605421507737e-01
9.600408387437222579e-01
9.587415514600190480e-01
9.587507081726349689e-01
9.599526723499447467e-01
9.566227722050344440e-01
9.608058941132624486e-01
9.607054262568481828e-01
9.589369334059105743e-01
9.589404255970058744e-01
9.606706457272422561e-01
9.606816293263723550e-01
9.607116505273894935e-01
9.606997239128375332e-01
9.606995258963170192e-01
9.586075790510559802e-01
9.583881312269707520e-01
9.587795616310692548e-01
2.368707029269085176e-02
4.087106372947558325e-02
3.931754523781341715e-02
3.934651287493020483e-02
3.933178140418386315e-02
4.140764979603218238e-02
4.140530209980461396e-02
3.929956257824247789e-02
3.931131355675446248e-02
3.940406829125488869e-02
3.941422915972490892e-02
3.927906879808460566e-02
3.755617936395407030e-02
3.755674345129260405e-02
3.938498078322020396e-02
3.939663292028127567e-02
3.928333964932147898e-02
3.928260473461238356e-02
3.928250191182448836e-02
3.927032679314600150e-02
3.748827699395781282e-02
3.748783565949274921e-02
3.925429616419819079e-02
3.927707828963415693e-02
4.099981713558235874e-02
4.334764581170522102e-02
9.762729850785064611e-01
9.591314887665224331e-01
9.606834541833774166e-01
9.606817116646869659e-01
9.606915702273571833e-01
9.591296738339625261e-01
9.763135335136022830e-01
4.098718390770687142e-02
3.928597435263667115e-02
3.910586610464362317e-02
3.910588289975851228e-02
3.928160946349721488e-02
3.928378803343936243e-02
3.926409309462364217e-02
2.190398186785596363e-02
9.567582812200998710e-01
9.584326127211336699e-01
9.606961652638812410e-01
9.590119460392195760e-01
2.368657367807537259e-02
4.081716832048021965e-02
4.106409048877989604e-02
4.124927338829432327e-02
3.925014312364895341e-02
3.930766033247705404e-02
4.092253141200753730e-02
2.375522397064324179e-02
9.589372451786796203e-01
9.606338269431387022e-01
9.607155283393434830e-01
9.607164797156787506e-01
9.606832535433169618e-01
9.606831953587138262e-01
9.607643686036054786e-01
9.590932706710749711e-01
9.607700382394095406e-01
9.607329944046726355e-01
9.607216768028289389e-01
9.607175126122972086e-01
9.607174003395422268e-01
9.607173937044410916e-01
9.607171827345625248e-01
9.607166421934193457e-01
9.607146493347475946e-01
9.607974267232355370e-01
9.569660451013699554e-01
9.608277760901910991e-01
9.617843406733470601e-01
9.793009786104205361e-01
4.098714235353990987e-02
3.928684595321466771e-02
3.928353523800875297e-02
3.946907242712262981e-02
3.947439039180785508e-02
4.001014385300956377e-02
4.001335669996608502e-02
3.930520053753212839e-02
3.934719756031051369e-02
3.934234796280104696e-02
3.928373767112992160e-02
3.928249571498481502e-02
3.927565550445574066e-02
3.849073698395873155e-02
3.906979579080676473e-02
3.979721156908583302e-02
3.922928063899835255e-02
