9.474113989921615353e-01
9.473239876587061792e-01
9.450886623365201133e-01
9.324969395867882538e-01
9.694245197115652912e-01
6.516314039090281840e-02
5.245688027412824528e-02
5.278150580069058961e-02
5.278623606969343879e-02
5.278587960280230196e-02
5.278591974235632284e-02
5.278902980028353509e-02
5.303975376453610308e-02
5.303975942504630253e-02
5.278908849143443272e-02
5.278649988014952332e-02
5.280157647464758797e-02
5.598122335400650823e-02
9.690185860857312150e-01
9.459053252865641248e-01
9.460125837507954438e-01
9.471888191277536562e-01
9.462793096554885652e-01
9.463340401973177052e-01
9.472535427399345620e-01
9.473803133989237013e-01
9.425692016449392918e-01
9.473326836016733310e-01
9.503750500471730422e-01
9.483789704300279455e-01
9.664143125607307372e-01
5.678773381562599726e-02
5.609919040266753143e-02
5.607967534336050219e-02
5.274696619802149433e-02
5.576189511180786040e-02
5.341225618125539781e-02
5.279126051575660367e-02
5.259667764419870273e-02
5.820658716665626231e-02
5.258190086220828480e-02
5.277680367170628495e-02
5.255751497996918181e-02
5.940267908402636216e-02
5.255773262309319793e-02
5.278305995502950015e-02
5.278577141269787110e-02
5.277219118882681137e-02
5.253253452284106090e-02
5.254158712134036208e-02
5.278355460082583689e-02
5.285754827813721884e-02
5.281561969771243759e-02
5.277853309928437486e-02
5.249557563176154851e-02
6.126662447211402018e-02
5.224512655935977662e-02
5.263718751881811542e-02
5.602632114041553729e-02
4.125505747010566743e-02
9.300735161116124861e-01
9.427499201807524321e-01
9.471456689617481217e-01
9.472120071017515741e-01
9.472134421692548489e-01
9.472070422074433393e-01
9.470692749133888810e-01
9.471695704551764683e-01
9.693097090854840836e-01
5.611133411637793389e-02
5.285057276454914466e-02
5.296349076089283681e-02
5.614123200243267831e-02
9.691845978815215590e-01
9.431924386902353907e-01
9.409206068873837703e-01
3.081885694659448893e-02
5.282484742147359330e-02
5.275607726852166168e-02
5.406835162621002194e-02
5.274030163515898428e-02
5.274465904579570680e-02
3.088859047821706366e-02
9.444131661976488123e-01
9.457172154011973531e-01
9.432425703984235188e-01
9.472239238717455878e-01
9.505684914046205192e-01
9.482653166205475825e-01
9.471518882048957089e-01
9.471297655062220766e-01
9.471097371423384814e-01
9.478321893871732851e-01
9.471227277760958518e-01
9.473204551231889647e-01
9.472284814356995986e-01
9.471807077708211953e-01
9.471262227666690237e-01
9.471288972896085845e-01
9.473406902270965491e-01
9.431635110223839380e-01
9.473340943562963412e-01
9.471169288354879257e-01
9.471737124803770724e-01
9.440088017799780351e-01
3.426693730489990125e-02
5.790534832318117858e-02
5.790745207953508500e-02
3.426806981353381493e-02
9.440100967698471512e-01
9.471973377042082198e-01
9.472072229618813122e-01
9.471447534157352299e-01
9.460830472339988306e-01
9.479144238926056065e-01
9.459847998517578738e-01
9.421343867176421583e-01
9.441653688166725678e-01
9.473069307311544618e-01
9.416780831289996989e-01
7.860892168437029481e-02
8.017146873258181039e-02
9.299407548723982730e-02
8.580964833283671878e-02
9.368016622746290212e-01
9.169551737458254692e-01
9.214270201377158243e-01
9.214734013987199157e-01
9.214734704008236132e-01
9.214720459666759789e-01
9.214737048701430178e-01
9.214917966456683818e-01
9.206414252420034305e-01
9.214918373133147433e-01
9.214741414629341598e-01
9.214706057750114976e-01
9.213620794624288735e-01
9.381885323088079431e-01
8.198977996318408679e-02
8.246073599058474646e-02
7.846450455815100200e-02
7.840050578300176987e-02
7.752792483838429061e-02
7.914719457805208247e-02
7.856653188767873108e-02
8.046394856513422456e-02
8.034426128979743620e-02
7.859938208977154672e-02
6.744273089570462787e-02
8.900041202713249167e-02
9.322493672410725463e-01
9.215455927157092386e-01
9.107584871826630568e-01
9.216634207722291805e-01
9.206081420784586467e-01
9.181705131103697903e-01
9.215139043436186839e-01
9.214557191201387942e-01
9.191962638164656862e-01
9.191690085866058846e-01
9.214213904064554317e-01
9.214436969280023204e-01
9.186873497236652808e-01
9.186873896360899794e-01
9.214453597001033280e-01
9.214735199566528312e-01
9.214691832599283261e-01
9.213291044796840801e-01
9.178091476897242140e-01
9.213413549885234310e-01
9.214582084028681841e-01
9.213469225356989423e-01
9.213444187482965342e-01
9.214201967014218342e-01
9.178187187643923606e-01
9.177026723625280047e-01
9.175202526927347391e-01
9.216335070044554545e-01
9.009867333436707426e-01
6.484362890443395866e-02
9.797041363987425699e-02
7.812562700152907158e-02
7.851494323943659925e-02
7.852573721266235818e-02
7.852471181658658705e-02
7.847245407519173876e-02
7.696452160955653821e-02
8.204489000601550286e-02
9.382983942723689408e-01
9.213346297094344717e-01
9.216827558595358516e-01
9.215555580699129612e-01
9.383030002628857114e-01
8.113302539787771439e-02
9.158004390726952326e-02
5.954239324780818965e-02
9.186607635661963034e-01
9.215729230353759682e-01
9.209311369839852102e-01
9.209354836437957381e-01
9.214452522734030149e-01
9.184860512191452830e-01
6.213022786197010261e-02
7.711727582748147125e-02
8.452436221175671505e-02
8.572190233210129351e-02
7.097600246991456197e-02
7.632943261536796753e-02
7.870976896293729874e-02
7.852580424096822220e-02
7.861777070875493323e-02
8.079427880725130462e-02
8.080203768731135383e-02
7.873437835154695197e-02
8.153408863413548480e-02
7.849700327443114023e-02
7.854083247885157437e-02
7.853729835244042945e-02
7.853612281989948152e-02
8.020907707865779224e-02
8.021012662052932896e-02
7.837369840069771665e-02
7.835712614078181593e-02
7.853234144323636978e-02
5.838472472873126179e-02
9.376039561987191684e-01
9.419007391805417351e-01
9.376100994927305532e-01
5.838709498058713976e-02
7.854124573736602499e-02
7.853927120774541193e-02
7.865308232632359231e-02
8.182103692000559925e-02
5.529180910401594595e-02
4.893609509475782549e-02
5.855622331067715514e-02
5.917579425287058936e-02
8.156926013111499840e-02
8.096812372694342508e-02
8.085898966294557955e-02
9.226243060173192623e-01
9.161509723732464971e-01
9.204413174938598230e-01
9.168444003992477498e-01
5.893349985402610708e-02
7.730437171554620235e-02
7.747621869068610501e-02
7.748549625381877248e-02
7.748059127071317553e-02
7.746568840964861147e-02
7.748079903383767175e-02
7.749339288083963162e-02
7.771491520271349429e-02
7.749361762316936408e-02
7.748620681355826434e-02
7.748946878563767182e-02
7.763237411708026614e-02
6.133570534783715222e-02
9.193180851457287694e-01
9.214160933303279233e-01
9.226433323766851657e-01
9.223745882363827420e-01
9.331363946727212477e-01
9.193778949008399870e-01
9.225024241916133239e-01
9.226639209213627346e-01
9.206927518839840285e-01
9.189036349288044470e-01
9.234219440225250874e-01
9.175743092922811206e-01
6.910896682487198406e-02
7.782942237647491601e-02
8.060393034354254582e-02
7.766773902965036502e-02
7.745476530807529625e-02
7.805685887969776582e-02
7.751640300971626707e-02
7.753531796489432359e-02
7.734877651101799978e-02
7.696803534534626956e-02
7.710852238643381429e-02
7.747301335418836643e-02
7.731023140113303660e-02
7.731029193347226103e-02
7.747742725806387731e-02
7.748544515859734361e-02
7.747507104674380973e-02
7.707905132245777835e-02
9.009282451971256656e-02
7.727766530502337694e-02
8.043546775776956592e-02
8.102202760666032955e-02
7.896098053594695354e-02
7.756922074709442227e-02
7.665313586163330362e-02
7.642705909017796784e-02
9.519726858839909489e-02
7.966042671322576263e-02
8.308845393237530852e-02
9.381282792940925930e-01
9.155908343988660159e-01
9.194928317384487571e-01
9.224880484953005277e-01
9.225138299948734133e-01
9.225126275457913305e-01
9.223832482617082551e-01
9.284304195384232017e-01
9.170974324367847652e-01
6.555464417872287897e-02
8.059950218734909799e-02
8.200390417204482529e-02
8.481278389072133272e-02
6.553383269930861121e-02
9.174562155780944250e-01
9.167850828022092724e-01
9.397626219216187460e-01
8.622042858125600340e-02
7.978755797012217210e-02
7.742837293961074563e-02
7.744643009140737833e-02
7.760629098201791976e-02
8.399579383073624284e-02
9.388998558669785499e-01
9.227268027149824192e-01
9.207555066783790210e-01
9.205367023743000754e-01
9.244635711136311995e-01
9.178716957769310625e-01
9.184951283012346979e-01
9.174549543641037364e-01
9.174732815284656340e-01
9.390107406891490260e-01
9.390617287055518236e-01
9.178121138079911034e-01
9.012792471530941540e-01
9.170184786288246848e-01
9.195012714442311053e-01
9.175259572791496510e-01
9.193984612095261744e-01
9.223443548440054540e-01
9.225800218365125538e-01
9.197060096885155689e-01
9.197012531731075802e-01
9.224000279498624222e-01
9.194247537743871490e-01
9.420148482333505768e-01
9.430283357399342758e-01
9.421292053410917910e-01
9.194456387574738709e-01
9.224226245991276052e-01
9.225067603970774632e-01
9.196236089279613557e-01
9.374160897184412589e-01
6.109514786571897116e-02
5.666210760979766003e-02
5.702603995423882743e-02
6.457668981837985656e-02
9.377304160807179434e-01
9.197503700630711432e-01
9.225571574121297358e-01
7.775737333749595248e-02
7.938837664659090243e-02
7.927152301460713146e-02
7.697019508516159125e-02
3.342568835504308722e-02
9.197475617082131460e-01
9.223527029013635081e-01
9.223893657486910147e-01
9.223878722165287369e-01
9.223426200763432670e-01
9.223426111706034547e-01
9.223884334530547680e-01
9.224059019396150250e-01
9.224059424515366201e-01
9.223903579674819220e-01
9.223882588341481004e-01
9.222922503741830536e-01
9.170909941904608065e-01
5.838310278069448744e-02
7.755613684811324404e-02
7.762654386240812332e-02
8.035593673539888349e-02
7.459775464072578022e-02
7.531285270799560616e-02
7.815438395514009984e-02
7.842743816215634600e-02
7.757092905103163405e-02
8.437788263561774027e-02
8.443997813073644831e-02
7.755432257682184916e-02
5.784693796619194001e-02
9.155142027697908969e-01
9.226815713465759128e-01
9.225809962578555012e-01
9.223836903897684181e-01
9.223704927337850190e-01
9.224062641080481573e-01
9.225019310789572824e-01
9.224841559473786479e-01
9.222810423852237927e-01
9.231362117473195239e-01
9.223479133083780646e-01
9.223668341675141935e-01
9.223000027462173733e-01
9.223674463902978848e-01
9.223887203346767816e-01
9.223873320521454033e-01
9.222568921817518861e-01
9.155660022801492826e-01
9.185421752532153539e-01
9.194086275900378302e-01
9.419478276320150112e-01
9.457996894413204236e-01
9.193465635315998252e-01
9.221981493444020295e-01
9.244819204093221998e-01
9.183637764323655528e-01
9.090370649412599091e-01
9.225279209987192752e-01
9.390095799086173312e-01
8.028434237911384608e-02
8.752595517315768514e-02
7.742609338252452733e-02
7.760808363023968814e-02
7.761005011739044446e-02
7.759584507179903556e-02
7.600690296670405133e-02
7.666965597303836144e-02
5.968135532338331162e-02
9.379693245789398892e-01
9.195308359560838696e-01
9.029256470516094923e-01
9.380777314933015365e-01
5.859476636237833519e-02
8.470282394092741585e-02
7.970657174376574727e-02
9.652379503719870080e-01
9.106882288890193466e-01
9.204898488768196163e-01
9.222254029604549652e-01
9.221995128670195108e-01
9.194391383695327269e-01
9.649599697892629058e-01
7.996376194076526556e-02
7.752767292829990109e-02
7.739410048296543887e-02
7.777612630586015763e-02
8.179402209459750439e-02
5.682002636686410424e-02
5.704968330150621270e-02
5.695910755473494735e-02
6.161571557746656908e-02
9.649905043463262722e-01
6.179483111717526400e-02
6.076664882200077944e-02
6.958008848048299888e-02
8.399680818488769463e-02
5.801839952774470732e-02
5.781606375643454088e-02
7.876070784898775434e-02
7.764760557073743796e-02
7.746039322450577747e-02
8.754423273777686698e-02
7.743893015530019241e-02
7.761565954452404048e-02
8.040410103632941730e-02
8.243063607917444635e-02
8.258929589923208470e-02
8.056807000771208649e-02
7.762518917459543255e-02
7.769397737873726117e-02
8.059346142826581683e-02
6.244909331808240482e-02
9.379287526677854148e-01
9.175419507269236830e-01
9.174708801651252355e-01
9.176275049187515576e-01
9.306149689606298958e-01
6.233784224020503389e-02
8.064933398334184211e-02
9.194902627263050743e-01
9.224871467148840765e-01
9.224839527764282510e-01
9.200847216785619231e-01
3.352455294557379201e-02
7.693192519366440218e-02
7.765995350655874319e-02
7.762463985369956465e-02
7.760560227799707944e-02
7.698579595344769155e-02
7.698580796572858376e-02
7.760516506156200922e-02
7.761218680089861099e-02
7.761223873219219582e-02
7.761050402682900806e-02
7.761207787365853594e-02
7.767543188570624757e-02
5.874593553135038643e-02
9.139460393389114978e-01
9.222388797261837912e-01
9.225467773286070150e-01
9.124783239577939353e-01
9.205428940183233433e-01
9.204923945933921603e-01
9.182872156659789287e-01
9.139976708525241467e-01
9.223694975682066310e-01
9.204133504767544327e-01
9.219792987559327635e-01
9.202095086878289143e-01
9.139411607895472356e-01
6.608203231553548551e-02
8.636585109868188948e-02
8.266416436637379073e-02
8.056940335711029744e-02
7.744858022781521412e-02
7.744796519822881586e-02
7.936002895812394042e-02
7.936519459564447820e-02
7.757422684411009739e-02
7.895414502356810915e-02
7.756588467376727969e-02
7.760776034639133014e-02
7.760272041068667914e-02
7.760835968567708631e-02
7.761003646117570209e-02
7.760786483116624557e-02
7.740462711247489414e-02
8.895629479284457297e-02
7.745383293803452529e-02
5.811773799166365662e-02
9.386214336826860238e-01
9.387163662358071203e-01
6.203857082234623399e-02
8.049813024638459436e-02
7.699125826478915580e-02
7.743556590719119503e-02
7.968545730405421357e-02
7.779349535232277235e-02
6.168731921162299431e-02
9.193553628180728410e-01
9.194658146598897464e-01
9.222949107918324563e-01
9.223877454735203152e-01
9.223893676541884412e-01
9.223793893827749724e-01
9.222397251401759366e-01
9.222250769477626786e-01
9.211415806241114446e-01
9.398461198645297054e-01
6.242347892362541673e-02
6.759174535003224793e-02
9.366723620458335953e-01
9.193926624742755349e-01
9.202064132970277921e-01
9.228348779379661471e-01
9.389285686598138891e-01
6.489530187146928808e-02
9.025381947346840239e-02
8.008250390989084255e-02
8.019333073119384869e-02
6.219362867906567949e-02
9.389255771898785685e-01
9.229550755838588083e-01
9.223828858476121884e-01
9.223458053305787496e-01
9.194852989881212579e-01
9.380378703845927424e-01
6.118593109812637404e-02
5.696162725877806920e-02
5.693664072054340636e-02
5.800505173781558832e-02
8.415530906969151403e-02
6.207559190179710168e-02
6.333030440988161869e-02
6.436033931348736359e-02
9.648707228837896110e-01
6.164749727930515788e-02
6.112716731548045040e-02
9.416251056555099419e-01
9.183752813329625342e-01
9.222757432760650964e-01
9.195808372257884278e-01
9.222985395394669439e-01
9.223538633506067619e-01
9.194084982713917054e-01
9.194128052564197739e-01
9.223417029037629389e-01
9.222845230930666327e-01
9.223546320805906529e-01
9.223789876958897738e-01
9.421744385527183185e-01
6.223530509669102095e-02
8.061208649762578726e-02
7.776143700697139838e-02
7.762443344014077762e-02
7.780770510725572298e-02
8.323838904995847776e-02
6.274404334269639838e-02
9.380344689115756029e-01
8.057261217842329182e-02
7.763433575597646075e-02
7.761311441959364843e-02
6.103866894598380943e-02
9.167019424047851972e-01
9.225528724131160097e-01
9.226329749610671094e-01
9.225192554610585072e-01
9.224672284714598991e-01
9.247751152406575859e-01
9.224670597895120450e-01
9.225137082848225978e-01
9.225147117421303999e-01
9.225142169999611674e-01
9.225139654763456765e-01
9.224982259564878939e-01
9.190375790308684678e-01
6.921894237796312466e-02
7.822750629734809280e-02
7.751533119636680458e-02
8.025649377372999493e-02
7.993254156175604030e-02
8.289819131997000490e-02
7.713695871754555622e-02
9.369947653653350195e-02
7.828141389718394627e-02
7.736634797317243351e-02
7.736957043396550104e-02
7.164495717131881547e-02
8.993028242005943196e-02
5.775723880017128581e-02
9.283740983019329596e-01
9.433827361183643179e-01
9.421362388194960413e-01
9.193333125018902097e-01
9.194225116858062430e-01
9.225267376193447832e-01
9.162758983696952519e-01
9.226207202220334525e-01
9.220156756192842140e-01
9.220157859121405064e-01
9.225089267594087650e-01
9.225122144816031433e-01
9.225122748830179020e-01
9.225139112315520196e-01
9.225138375165501392e-01
9.224866058766770793e-01
9.191825115279416147e-01
9.190178262783850194e-01
9.163873336712384798e-01
6.110219396686282500e-02
8.223246252002244794e-02
6.166528433284027000e-02
9.378689084306978119e-01
9.193916285403020972e-01
9.223482845710953004e-01
9.225168347529524304e-01
9.226185256773034027e-01
9.195774604175175337e-01
6.212564282273383420e-02
7.742518678807887300e-02
7.731144710634178796e-02
7.747816930889858678e-02
7.748564745093135253e-02
7.748330088473549815e-02
7.742905931939852993e-02
7.739689818496237050e-02
7.764199176350278231e-02
7.406031483892222544e-02
6.223166248132134398e-02
9.348028942558819221e-01
6.491926022958305342e-02
8.029657558261031614e-02
7.736725225341944956e-02
7.731843536753425783e-02
7.972807953794996960e-02
6.250286568536342346e-02
9.367611953200831731e-01
9.394110665135182447e-01
9.088991402499613237e-01
9.374797755312620495e-01
6.234812095424305950e-02
7.982069270737329747e-02
7.754470972741300816e-02
7.757159484956936690e-02
8.055433496409106220e-02
6.214482693525431867e-02
9.380282266526740464e-01
9.175012149620420665e-01
9.174422041077118228e-01
9.174864131660741551e-01
9.195218169742196412e-01
9.198046845228011748e-01
9.044430627007155055e-01
9.102069308540255976e-01
9.390715204224495682e-01
9.390012632373920809e-01
9.174895622244255700e-01
9.381022303366668424e-01
6.226073126986472056e-02
8.047384816444368150e-02
7.740478457567791237e-02
7.731595644460088901e-02
7.747760633241919381e-02
7.731685379413642811e-02
8.804280709133949223e-02
7.737969482675166599e-02
7.737770076610678283e-02
7.730804473486027617e-02
7.756758085013457094e-02
8.258673263960278343e-02
9.389895331656492594e-01
9.197277339284635200e-01
9.225979202982629301e-01
9.225103199409160348e-01
9.224435403764585928e-01
9.225841831110731528e-01
9.201173323005686910e-01
9.408657430723260662e-01
6.214598733779073264e-02
9.416376867629537850e-01
9.214625467578297924e-01
9.213636377798981592e-01
9.378789188849762093e-01
8.152443418166427369e-02
8.034115308058652205e-02
8.033629485119687941e-02
7.854436866966210684e-02
7.850542153226988673e-02
7.790673852809996969e-02
7.850521500616665371e-02
7.852556853357124667e-02
7.852611239534856846e-02
7.852606209569565343e-02
7.852618942612585307e-02
7.854481477818776869e-02
8.199956595111940194e-02
9.301381485447046682e-01
9.207000426146605410e-01
9.214680588975494580e-01
9.216031914233464573e-01
9.178273287749261211e-01
9.161913792775824295e-01
9.212481772641600841e-01
9.173812749646642617e-01
9.214012245376184129e-01
9.214585053459082298e-01
9.214963750414330024e-01
9.232197535707750147e-01
9.176847931012278581e-01
9.177794952732103440e-01
9.406026856117434276e-01
9.425913487684836056e-01
9.375783988222070597e-01
5.814076208527384215e-02
8.922596324059506312e-02
7.838687279405913422e-02
8.026542319367747924e-02
7.858206605246072229e-02
7.849158880503318003e-02
7.849041058529367121e-02
7.852432695522067185e-02
7.852578707070634323e-02
7.852583010628953752e-02
7.852597285196449839e-02
7.852576954055069669e-02
7.851710355897766058e-02
7.833044786955427330e-02
7.833435426016775727e-02
5.768386889115307420e-02
9.164700914132430931e-01
9.173466022311992374e-01
9.146933259909076908e-01
9.366722078185935052e-01
5.835985017087244597e-02
7.853363598718213212e-02
7.853469524162312587e-02
7.855569236398740607e-02
8.149308842559367660e-02
9.382936970279492916e-01
9.213374065892563358e-01
9.214484301908230091e-01
9.214720254579065184e-01
9.214738335920180656e-01
9.214674357604789590e-01
9.208670751471113025e-01
9.208637242986592586e-01
9.215114426383845814e-01
9.229778769557041018e-01
9.186526157970934525e-01
9.401137546986009230e-01
9.176598256398658116e-01
9.213192522450918132e-01
9.214324817611329044e-01
9.202086939950875344e-01
9.201142991454391851e-01
9.186014971716867095e-01
9.409233413099149512e-01
9.365867738130881914e-01
4.243743022118103003e-02
9.358056684012044935e-01
9.185680461470953073e-01
9.213666135121267864e-01
9.214779138793890434e-01
9.214595363316946397e-01
9.416322075727069363e-01
6.328082566699154421e-02
8.142475669326475207e-02
7.862454253335778021e-02
7.852048160372096519e-02
7.852904024385334858e-02
7.854812048514339673e-02
7.867237110686250978e-02
8.194197745432663105e-02
8.065747290216328247e-02
8.086984684139034152e-02
8.079625553077841860e-02
7.871781123132534641e-02
8.133846544853677585e-02
6.327454195162816875e-02
9.415877354212334183e-01
9.214364905981204945e-01
9.214506561352193703e-01
9.214698849924249924e-01
9.213753743660674234e-01
9.185314602214020852e-01
9.213440687514854455e-01
9.184178927186290586e-01
9.184186815028468898e-01
9.214394581131046813e-01
9.425939276507081521e-01
8.352851380641866663e-02
8.047479311284826131e-02
8.132437491356038495e-02
7.953593064148645198e-02
7.854171645796741152e-02
7.861146029091337084e-02
8.379018819320575850e-02
7.703124062584987275e-02
6.356742506693155437e-02
9.659021534256456709e-01
5.599315939117710528e-02
5.281742559332569531e-02
5.598760898011832104e-02
9.691171611900677441e-01
9.474186260734677179e-01
9.428867527811826132e-01
9.473683823353813427e-01
9.472134259560798242e-01
9.471608328266442056e-01
9.471607984090755217e-01
9.472112033786084240e-01
9.472135801227759000e-01
9.472136412688531015e-01
9.472136177195049633e-01
9.472127501297790131e-01
9.472139884311304714e-01
9.685957348676316192e-01
5.915603095092632213e-02
5.285300207777041820e-02
5.280704290865302630e-02
5.258131395883866577e-02
6.150398376279227891e-02
5.235925521839132624e-02
5.251328262631538984e-02
5.255397350980027527e-02
5.278090645766203570e-02
5.278556128837583183e-02
5.293948965144534835e-02
5.176530572418538284e-02
5.413722079190100983e-02
5.598733773178968948e-02
5.779051253830458368e-02
5.763042710418428416e-02
3.425547258631649744e-02
9.407698597424718479e-01
9.439215502126871993e-01
9.473081463044692452e-01
9.473413966557543420e-01
9.472150426515447696e-01
9.471957622221854889e-01
9.472090350245163659e-01
9.472133938142919263e-01
9.472135667171519557e-01
9.472136182377317581e-01
9.472136153809108672e-01
9.472123404989869488e-01
9.471846953821994042e-01
9.470797463126469085e-01
9.439414548698362717e-01
2.978497756769802121e-02
5.250855946926540063e-02
6.215679258319520978e-02
5.539763167174576591e-02
3.414382360652779697e-02
9.440060310667455212e-01
9.471964195606898951e-01
9.472173034518670542e-01
9.472683758857852743e-01
9.692576018099335888e-01
5.599300008028079007e-02
5.279191918081605622e-02
5.278427129787708477e-02
5.278613577316987326e-02
5.278554878572901815e-02
5.273135642559841768e-02
5.424486161658570449e-02
5.273849640337336525e-02
5.294195298515082249e-02
5.304347136467228024e-02
5.578962835802217524e-02
5.570963641141984252e-02
5.283131240810737955e-02
5.278692267988729925e-02
5.267160954910973109e-02
5.578925510495259116e-02
5.278667614728228819e-02
5.583367051334708897e-02
5.775205171401312509e-02
3.441395800017312684e-02
3.431587631381525366e-02
5.565122445305829141e-02
5.289294267943924627e-02
5.278798362198032501e-02
5.280233048366605314e-02
5.599084465624225987e-02
9.658483966305979607e-01
9.443053150047266975e-01
9.471085154239263781e-01
9.471294519786302990e-01
9.471284146633067724e-01
9.471269472042869175e-01
9.472064085273803613e-01
9.473522163813309360e-01
9.474850673969273940e-01
9.472512442441832770e-01
9.478379581521095831e-01
9.471104305653894606e-01
9.471008650434589171e-01
9.442477453016738798e-01
9.657406120620456447e-01
5.598360291868006294e-02
5.279326557509420731e-02
5.278410618165949031e-02
5.277638556217657817e-02
5.258367071472689475e-02
5.258095105487375215e-02
5.253047437305150003e-02
6.002615267181691389e-02
5.255499420301838753e-02
5.605224058896701028e-02
9.702247806789555673e-01
9.473365783505186544e-01
9.429451667635845302e-01
9.450060919080846000e-01
9.473021310927633998e-01
9.472197207643400230e-01
9.476128179660681106e-01
9.389367264295581661e-01
9.469275818260958211e-01
