5.519199793404034882e-01
5.539858073994472498e-01
5.590283643375609790e-01
5.646294236566714586e-01
5.691729993501394302e-01
5.727013089270902579e-01
5.754895076863112413e-01
5.757905369835001341e-01
5.693727121685935311e-01
5.520027455394942439e-01
5.232535620184999292e-01
4.884232181443366461e-01
4.567658665004049046e-01
4.375379120668588251e-01
4.367129198609505103e-01
4.553786333673059405e-01
4.890566043303122279e-01
5.279350340206416803e-01
5.598575279947850536e-01
5.767055720806265606e-01
5.796513074075380079e-01
5.774534860003266434e-01
5.785867936749247153e-01
5.834642743549234289e-01
5.823654417462676980e-01
5.622806110566960225e-01
5.196741246326228580e-01
4.664983844844950989e-01
4.209112495796356601e-01
3.935088840757942075e-01
3.848738743880536495e-01
3.935088840433961233e-01
4.209112494875963395e-01
4.664983843114667295e-01
5.196741244013527439e-01
5.622806108378748391e-01
5.823654416114416588e-01
5.834642743120783681e-01
5.785867936397625089e-01
5.774534858156452621e-01
5.796513068814388436e-01
5.767055710120314593e-01
5.598575261652960489e-01
5.279350311445181188e-01
4.890565999834282085e-01
4.553786269536958531e-01
4.367129107064399163e-01
4.375378997370115153e-01
4.567658513440138734e-01
4.884232017714410512e-01
5.232535471374404334e-01
5.520027348299367809e-01
5.693727067476718195e-01
5.757905356535704122e-01
5.754895076885613303e-01
5.727013077423913634e-01
5.691729962519530561e-01
5.646294198601148340e-01
5.590283616560636215e-01
5.539858065603866510e-01
5.519199793785065644e-01
5.539857809842568814e-01
5.590283234936751500e-01
5.646293899753982437e-01
5.691729926581892141e-01
5.727013318868499070e-01
5.754895347182180654e-01
5.757905164193934944e-01
5.693725845202584068e-01
5.520024702183468079e-01
5.232531356524809940e-01
4.884226703396068459e-01
4.567652367322273532e-01
4.375372278413072191e-01
4.367121929300204486e-01
4.553778746243588582e-01
4.890558474435748870e-01
5.279343507198983598e-01
5.598570105649629536e-01
5.767052791997373529e-01
5.796512173888923591e-01
5.774535061294203686e-01
5.785868184119224988e-01
5.834642456804634003e-01
5.823653741264785966e-01
5.622805661288978740e-01
5.196741494525902727e-01
4.664984655531373425e-01
4.209113311128473978e-01
3.935089288371658167e-01
3.848738978387920007e-01
3.935089288717819045e-01
4.209113312095410508e-01
4.664984657323528738e-01
5.196741496891363887e-01
5.622805663499230722e-01
5.823653742605957584e-01
5.834642457217840139e-01
5.785868184466252950e-01
5.774535063148579228e-01
5.796512179153836541e-01
5.767052802661719602e-01
5.598570123885016070e-01
5.279343535867808690e-01
4.890558517794125204e-01
4.553778810262697485e-01
4.367122020725440201e-01
4.375372401589627813e-01
4.567652518767381098e-01
4.884226867021923546e-01
5.232531505263202654e-01
5.520024809245088759e-01
5.693725899409041169e-01
5.757905177504554217e-01
5.754895347169436404e-01
5.727013330718415673e-01
5.691729957564655162e-01
5.646293937725074263e-01
5.590283261762132305e-01
5.539857818241766818e-01
5.075866244108324654e-01
5.069560818557702353e-01
5.059557719947248566e-01
5.049384857712023722e-01
5.041520004510738895e-01
5.036893865075122712e-01
5.036233508100006473e-01
5.041440572647085672e-01
5.054828190732190141e-01
5.076550818047995683e-01
5.103245401135497739e-01
5.129354451896759315e-01
5.149337564476909046e-01
5.159203369619043134e-01
5.156792858295839999e-01
5.141747764666765308e-01
5.116500093305242913e-01
5.086756150119553510e-01
5.060159333733914577e-01
5.042704920061467089e-01
5.034526991840062582e-01
5.031221530950180654e-01
5.030471692817901630e-01
5.036091244732858740e-01
5.054400095889295397e-01
5.085868258495849226e-01
5.123060365510057057e-01
5.156684231532961959e-01
5.180111049012685598e-01
5.191293075561165260e-01
5.191293075561146386e-01
5.180111049013382818e-01
5.156684231536824425e-01
5.123060365523094406e-01
5.085868258529371300e-01
5.054400095950328797e-01
5.036091244811398138e-01
5.030471692894337155e-01
5.031221531010091619e-01
5.034526991877694702e-01
5.042704920071752195e-01
5.060159333701754747e-01
5.086756150034370538e-01
5.116500093198936838e-01
5.141747764606870996e-01
5.156792858313963279e-01
5.159203369658664773e-01
5.149337564426268443e-01
5.129354451706089613e-01
5.103245400923127617e-01
5.076550817981172470e-01
5.054828190773539287e-01
5.041440572619356741e-01
5.036233507974692269e-01
5.036893864993475800e-01
5.041520004567545676e-01
5.049384857841504592e-01
5.059557720018721394e-01
5.069560818515607137e-01
5.075866243990962978e-01
5.075866251862545253e-01
5.069560837064509551e-01
5.059557736925622828e-01
5.049384860638557182e-01
5.041519988601839142e-01
5.036893838281292224e-01
5.036233489861545731e-01
5.041440585713313771e-01
5.054828249435994181e-01
5.076550922666560606e-01
5.103245544595746974e-01
5.129354628179931819e-01
5.149337771016766485e-01
5.159203613405416444e-01
5.156793161280772697e-01
5.141748149781842914e-01
5.116500559589620689e-01
5.086756657207682775e-01
5.060159800403762898e-01
5.042705263669939875e-01
5.034527193769727793e-01
5.031221648076694697e-01
5.030471807656915484e-01
5.036091405741625060e-01
5.054400288265631369e-01
5.085868431241723497e-01
5.123060481020856871e-01
5.156684284164276821e-01
5.180111060353986829e-01
5.191293072380738227e-01
5.191293072380245288e-01
5.180111060351887398e-01
5.156684284158641329e-01
5.123060481006610489e-01
5.085868431208451224e-01
5.054400288206704062e-01
5.036091405666293097e-01
5.030471807583249966e-01
5.031221648018381343e-01
5.034527193733377981e-01
5.042705263662388138e-01
5.060159800441208500e-01
5.086756657300155471e-01
5.116500559703778261e-01
5.141748149849056926e-01
5.156793161269277448e-01
5.159203613372329578e-01
5.149337771074280479e-01
5.129354628377269520e-01
5.103245544813366230e-01
5.076550922736174920e-01
5.054828249394809347e-01
5.041440585739498381e-01
5.036233489984993650e-01
5.036893838361550246e-01
5.041519988544012065e-01
5.049384860507892814e-01
5.059557736852633436e-01
5.069560837105206996e-01
5.075866251979332944e-01
5.058396993920484253e-01
5.058800766830225948e-01
5.062099339566145106e-01
5.069661351447015685e-01
5.078177895357243177e-01
5.080514391755299730e-01
5.070910133720980539e-01
5.049749974635291405e-01
5.023741183117791387e-01
5.001455364769362699e-01
4.987999271507210786e-01
4.983328862769642598e-01
4.984545729574045847e-01
4.988328187078124865e-01
4.991625347530466161e-01
4.992517879077793541e-01
4.992862031632878672e-01
5.000379036830977508e-01
5.023851313439040567e-01
5.061920553850403071e-01
5.099263446411462786e-01
5.115958546732352064e-01
5.098791870516118374e-01
5.049740935236519679e-01
4.991048431253867212e-01
4.951584064454969680e-01
4.936910418758581054e-01
4.925607327148511239e-01
4.902805795720565074e-01
4.881060633950375927e-01
4.881060633887441824e-01
4.902805795581060555e-01
4.925607327038754590e-01
4.936910418742415096e-01
4.951584064469444768e-01
4.991048431132717456e-01
5.049740934843265361e-01
5.098791869843595226e-01
5.115958545871315266e-01
5.099263445462840494e-01
5.061920552868908185e-01
5.023851312404379321e-01
5.000379035628097490e-01
4.992862030071547608e-01
4.992517877006478200e-01
4.991625345049920948e-01
4.988328184733300530e-01
4.984545728190444835e-01
4.983328862593860986e-01
4.987999271127364631e-01
5.001455361287001633e-01
5.023741174246405539e-01
5.049749961067624415e-01
5.070910119355185319e-01
5.080514381284489955e-01
5.078177890959163499e-01
5.069661351115356540e-01
5.062099338687662264e-01
5.058800761948811786e-01
5.058396985427624504e-01
5.058396994934840629e-01
5.058800787759152318e-01
5.062099368811181499e-01
5.069661359723247607e-01
5.078177844537797858e-01
5.080514256528232409e-01
5.070909921924346975e-01
5.049749730212482746e-01
5.023740963490781475e-01
5.001455203820136530e-01
4.987999159179533071e-01
4.983328761186971989e-01
4.984545606698675968e-01
4.988328034554029289e-01
4.991625175508197509e-01
4.992517700377757661e-01
4.992861837870730124e-01
5.000378780934614520e-01
5.023850945791645817e-01
5.061920099813622675e-01
5.099263019679856068e-01
5.115958269125890912e-01
5.098791792414139046e-01
5.049741011311460470e-01
4.991048539767924952e-01
4.951584083677219583e-01
4.936910338850586388e-01
4.925607267249120236e-01
4.902805875153157245e-01
4.881060843764821744e-01
4.881060843829742035e-01
4.902805875296222249e-01
4.925607267360310182e-01
4.936910338866676851e-01
4.951584083665454550e-01
4.991048539895994729e-01
5.049741011712114425e-01
5.098791793090287072e-01
5.115958269985466655e-01
5.099263020623046039e-01
5.061920100788303012e-01
5.023850946820892505e-01
5.000378782134063949e-01
4.992861839428585080e-01
4.992517702443456384e-01
4.991625177980694161e-01
4.988328036889544959e-01
4.984545608073379652e-01
4.983328761355321768e-01
4.987999159553071493e-01
5.001455207296287009e-01
5.023740972356022239e-01
5.049749743775466815e-01
5.070909936288532371e-01
5.080514267000759698e-01
5.078177848939349204e-01
5.069661360057738930e-01
5.062099369690483686e-01
5.058800792639963628e-01
5.058397003427237415e-01
5.033556701364501063e-01
5.032813683900131396e-01
5.030669862315976237e-01
5.027376408095831639e-01
5.023584918586188053e-01
5.020687319160129780e-01
5.020380895860426795e-01
5.023527523887141299e-01
5.029802005496794015e-01
5.038710369578963677e-01
5.050075826829127923e-01
5.062710123158424835e-01
5.073685010709803045e-01
5.079856372229829553e-01
5.079629755288632698e-01
5.073483325394965160e-01
5.063536911963688603e-01
5.052653210202889822e-01
5.042622565242945720e-01
5.032807325273038757e-01
5.022952704971952453e-01
5.016513283552350710e-01
5.018160671598128619e-01
5.028607488137091241e-01
5.043454587640145981e-01
5.058637392447431491e-01
5.074877103213041307e-01
5.092695036333441116e-01
5.108480490338214164e-01
5.118657818507656998e-01
5.122085792176307439e-01
5.118657818505237822e-01
5.108480490335478574e-01
5.092695036331134073e-01
5.074877103207213747e-01
5.058637392437741465e-01
5.043454587639357722e-01
5.028607488150230731e-01
5.018160671597637901e-01
5.016513283502477272e-01
5.022952704880007113e-01
5.032807325200693294e-01
5.042622565237395715e-01
5.052653210195616751e-01
5.063536911788313333e-01
5.073483324981549192e-01
5.079629754818308918e-01
5.079856371994330155e-01
5.073685010728110623e-01
5.062710122967088999e-01
5.050075825917638150e-01
5.038710368165905118e-01
5.029802004459161813e-01
5.023527523665071159e-01
5.020380895852161185e-01
5.020687318445794523e-01
5.023584916982585247e-01
5.027376406304648881e-01
5.030669861153306277e-01
5.032813683566971230e-01
5.033556701393279154e-01
5.032813686524164609e-01
5.030669863516846751e-01
5.027376405731942555e-01
5.023584915979003584e-01
5.020687322034087519e-01
5.020380905776716807e-01
5.023527537071420523e-01
5.029802021610214613e-01
5.038710399678975049e-01
5.050075883497263662e-01
5.062710203037108503e-01
5.073685099625924178e-01
5.079856467754200189e-01
5.079629873886059022e-01
5.073483486976257950e-01
5.063537115249332476e-01
5.052653421466574146e-01
5.042622749614530386e-01
5.032807483332019105e-01
5.022952849630981653e-01
5.016513407739541242e-01
5.018160764132854057e-01
5.028607556051344352e-01
5.043454653225527551e-01
5.058637469584418289e-01
5.074877176434100523e-01
5.092695082715514854e-01
5.108480510007561426e-01
5.118657824638901399e-01
5.122085794717240459e-01
5.118657824640647780e-01
5.108480510009124620e-01
5.092695082716683919e-01
5.074877176439367421e-01
5.058637469593842972e-01
5.043454653225694084e-01
5.028607556037476556e-01
5.018160764133356988e-01
5.016513407790534895e-01
5.022952849724788837e-01
5.032807483406379623e-01
5.042622749622220901e-01
5.052653421476560602e-01
5.063537115428181634e-01
5.073483487393826152e-01
5.079629874361086816e-01
5.079856467994692260e-01
5.073685099612472715e-01
5.062710203232609896e-01
5.050075884411826532e-01
5.038710401094058655e-01
5.029802022649045856e-01
5.023527537293807077e-01
5.020380905784336267e-01
5.020687322747129366e-01
5.023584917581285225e-01
5.027376407522246016e-01
5.030669864679124803e-01
5.032813686857211533e-01
5.030606614206856175e-01
5.031132687176164131e-01
5.032357175507652380e-01
5.033479724476295214e-01
5.033904739682739660e-01
5.033613386225320729e-01
5.032714775604956170e-01
5.030842527700764011e-01
5.027225926878652329e-01
5.021354965988569230e-01
5.013765316465770283e-01
5.006253727470917347e-01
5.001007605793266197e-01
4.999382321366776516e-01
5.001457733850553922e-01
5.006497704039698515e-01
5.013774195207012507e-01
5.022509812560540521e-01
5.030838341737449149e-01
5.036457486765792968e-01
5.038376362920796714e-01
5.036045844797518711e-01
5.028602814375824348e-01
5.016822061813169809e-01
5.002139978566405576e-01
4.982389580083250724e-01
4.955545423653384129e-01
4.928390009996759247e-01
4.911387069191493482e-01
4.906151284892609765e-01
4.905840299323053211e-01
4.906151284915787336e-01
4.911387069220588542e-01
4.928390010007983046e-01
4.955545423636738001e-01
4.982389580057474121e-01
5.002139978560927736e-01
5.016822061833661195e-01
5.028602814404664612e-01
5.036045844821303019e-01
5.038376362940573117e-01
5.036457486784781112e-01
5.030838341749852560e-01
5.022509812559967646e-01
5.013774195203093420e-01
5.006497704051129372e-01
5.001457733857210819e-01
4.999382321232671567e-01
5.001007605270322287e-01
5.006253726430640594e-01
5.013765315180432891e-01
5.021354965010954574e-01
5.027225926527134625e-01
5.030842527720240653e-01
5.032714775338968938e-01
5.033613385115849326e-01
5.033904737757000092e-01
5.033479722428102487e-01
5.032357174159993729e-01
5.031132686772732399e-01
5.030606614227891571e-01
5.031132685296957341e-01
5.032357168937490188e-01
5.033479712131428974e-01
5.033904724580231527e-01
5.033613373997765095e-01
5.032714770580433150e-01
5.030842529253097828e-01
5.027225928663381360e-01
5.021354959971862097e-01
5.013765298807052462e-01
5.006253699217521058e-01
5.001007567958506428e-01
4.999382272651033965e-01
5.001457674543435816e-01
5.006497638429856512e-01
5.013774128492376470e-01
5.022509752558916851e-01
5.030838303013235313e-01
5.036457477847515740e-01
5.038376370765038637e-01
5.036045846363410572e-01
5.028602796573286016e-01
5.016822024266760494e-01
5.002139932344144002e-01
4.982389550234243569e-01
4.955545431439070669e-01
4.928390042699874463e-01
4.911387089954904472e-01
4.906151274310087684e-01
4.905840272923971956e-01
4.906151274286958408e-01
4.911387089927364280e-01
4.928390042692460393e-01
4.955545431460440242e-01
4.982389550263947586e-01
5.002139932352702711e-01
5.016822024249019130e-01
5.028602796546622899e-01
5.036045846341030696e-01
5.038376370746218136e-01
5.036457477829203722e-01
5.030838303001055056e-01
5.022509752559188856e-01
5.013774128495229743e-01
5.006497638415952078e-01
5.001457674532507891e-01
4.999382272779362979e-01
5.001007568474893361e-01
5.006253700251417360e-01
5.013765300087240639e-01
5.021354960946271540e-01
5.027225929013683370e-01
5.030842529233898741e-01
5.032714770847492858e-01
5.033613375108494381e-01
5.033904726507136829e-01
5.033479714180674192e-01
5.032357170286025916e-01
5.031132685700907547e-01
5.061814756855587127e-01
5.057624881205458056e-01
5.052588004536238131e-01
5.050544919133860278e-01
5.052380666455132951e-01
5.055712465599138117e-01
5.058586045559650968e-01
5.062555250652956973e-01
5.070528512079572891e-01
5.081989634916501686e-01
5.092710807709326382e-01
5.099617516903534042e-01
5.103674431584042104e-01
5.107099458645374401e-01
5.108789544616787470e-01
5.103532971176774069e-01
5.086906921641796142e-01
5.062505256636877782e-01
5.043765535117772369e-01
5.043378566202907365e-01
5.058881212005468253e-01
5.074676932144950303e-01
5.080699670378845401e-01
5.085226617765356005e-01
5.104759880754914381e-01
5.141095875182031261e-01
5.177691750041467644e-01
5.200181786799940031e-01
5.208443163600914305e-01
5.209770449779730361e-01
5.209770449771334855e-01
5.208443163574337786e-01
5.200181786756417068e-01
5.177691749991459869e-01
5.141095875131896920e-01
5.104759880684286433e-01
5.085226617652454095e-01
5.080699670258634892e-01
5.074676932082313741e-01
5.058881211973039749e-01
5.043378566031397892e-01
5.043765534657670413e-01
5.062505256015481514e-01
5.086906921242163593e-01
5.103532971148242448e-01
5.108789544403042893e-01
5.107099457310345647e-01
5.103674428929665385e-01
5.099617514171259636e-01
5.092710806508967680e-01
5.081989634937058575e-01
5.070528510562644087e-01
5.062555245278297367e-01
5.058586037575494299e-01
5.055712458998329328e-01
5.052380663885776002e-01
5.050544919145807388e-01
5.052588003021987184e-01
5.057624875269851605e-01
5.061814747261735858e-01
5.061814756437540419e-01
5.057624902077044737e-01
5.052588040574595984e-01
5.050544949671630368e-01
5.052380668707823208e-01
5.055712439524784330e-01
5.058586023318060176e-01
5.062555270875433999e-01
5.070528579760411603e-01
5.081989718063094630e-01
5.092710881913573573e-01
5.099617594766328033e-01
5.103674533535413893e-01
5.107099575355698029e-01
5.108789649793100685e-01
5.103533067955431379e-01
5.086907058444793961e-01
5.062505465377038494e-01
5.043765754914439903e-01
5.043378693106054245e-01
5.058881231521614730e-01
5.074676936806398198e-01
5.080699748725993059e-01
5.085226764416482803e-01
5.104760015179310439e-01
5.141095940212012660e-01
5.177691765364449417e-01
5.200181796532430401e-01
5.208443183469684268e-01
5.209770475556445568e-01
5.209770475564923231e-01
5.208443183495913287e-01
5.200181796573764004e-01
5.177691765409688784e-01
5.141095940256539265e-01
5.104760015246654348e-01
5.085226764529057197e-01
5.080699748845990404e-01
5.074676936866304722e-01
5.058881231549455793e-01
5.043378693274362945e-01
5.043765755375171356e-01
5.062505466002249488e-01
5.086907058849138297e-01
5.103533067988272887e-01
5.108789650011171801e-01
5.107099576696420007e-01
5.103674536197928546e-01
5.099617597508923073e-01
5.092710883124531573e-01
5.081989718050626825e-01
5.070528581281024127e-01
5.062555276249987024e-01
5.058586031300769115e-01
5.055712446124613901e-01
5.052380671276426316e-01
5.050544949657873595e-01
5.052588042085672804e-01
5.057624908009451525e-01
5.061814766030041657e-01
5.066225855411279344e-01
5.064297640989433580e-01
5.062539517802084887e-01
5.063178323036459094e-01
5.066320499102201502e-01
5.069498409509397563e-01
5.069400896516600419e-01
5.064198039880589697e-01
5.054726974992005406e-01
5.044026935169224624e-01
5.035893226551796387e-01
5.033413009960114870e-01
5.037709215447281341e-01
5.046795459857580379e-01
5.055823133332741914e-01
5.060139124751075190e-01
5.059400655729220375e-01
5.058670382375243246e-01
5.064115434020518558e-01
5.076052064086199467e-01
5.086530752930535915e-01
5.084173492752618317e-01
5.061303363796958443e-01
5.018345560037051900e-01
4.964265168711511356e-01
4.913303894339977052e-01
4.875877469835204758e-01
4.852176423039583630e-01
4.837627256745847260e-01
4.830117407726790546e-01
4.830117407726414180e-01
4.837627256756099614e-01
4.852176423086524415e-01
4.875877469940503861e-01
4.913303894500681279e-01
4.964265168895246605e-01
5.018345560202936984e-01
5.061303363917873943e-01
5.084173492821058016e-01
5.086530752959176338e-01
5.076052064103164785e-01
5.064115434054078380e-01
5.058670382433917423e-01
5.059400655792822832e-01
5.060139124788292087e-01
5.055823133331015518e-01
5.046795459837809528e-01
5.037709215458400225e-01
5.033413010045704183e-01
5.035893226690862923e-01
5.044026935271057610e-01
5.054726974984558030e-01
5.064198039777556559e-01
5.069400896390776623e-01
5.069498409439109343e-01
5.066320499129183252e-01
5.063178323124735147e-01
5.062539517850725979e-01
5.064297640927680755e-01
5.066225855262675992e-01
5.066225859688727740e-01
5.064297651029313618e-01
5.062539526396032663e-01
5.063178323987294061e-01
5.066320491459159747e-01
5.069498397932944433e-01
5.069400888255015669e-01
5.064198041470969747e-01
5.054726990265734354e-01
5.044026962474452702e-01
5.035893254474604896e-01
5.033413018380314963e-01
5.037709189330115134e-01
5.046795407663720034e-01
5.055823088017796785e-01
5.060139121314553012e-01
5.059400706233018186e-01
5.058670469118571322e-01
5.064115523886816295e-01
5.076052130655868133e-01
5.086530787389877961e-01
5.084173502528446242e-01
5.061303365961125067e-01
5.018345569881618173e-01
4.964265189512143683e-01
4.913303913999657047e-01
4.875877474481445928e-01
4.852176413396851462e-01
4.837627242906650249e-01
4.830117395519697987e-01
4.830117395520626689e-01
4.837627242898278612e-01
4.852176413353835871e-01
4.875877474383202848e-01
4.913303913849481619e-01
4.964265189340640871e-01
5.018345569726531119e-01
5.061303365847260594e-01
5.084173502462884242e-01
5.086530787361445149e-01
5.076052130639171489e-01
5.064115523855925449e-01
5.058670469065076336e-01
5.059400706174528306e-01
5.060139121278887098e-01
5.055823088015440891e-01
5.046795407674276035e-01
5.037709189307093549e-01
5.033413018282802964e-01
5.035893254325316537e-01
5.044026962364971389e-01
5.054726990268708642e-01
5.064198041573035880e-01
5.069400888383046588e-01
5.069498398007367124e-01
5.066320491436420159e-01
5.063178323901812439e-01
5.062539526348280861e-01
5.064297651090787777e-01
5.066225859837059087e-01
5.592473885120956556e-01
5.600218398704266409e-01
5.613534127136020624e-01
5.612709955908261605e-01
5.589268084360161648e-01
5.557586946905153091e-01
5.544269478352692460e-01
5.565308720963203504e-01
5.614467946619636773e-01
5.672371682154426775e-01
5.721384722672387957e-01
5.749126812863083469e-01
5.745333214063002014e-01
5.707486603398288505e-01
5.653191004950721688e-01
5.618483554161137761e-01
5.630397151547115175e-01
5.673335783374056085e-01
5.687700810850331301e-01
5.619786034231979421e-01
5.487486156184473440e-01
5.387958082011540251e-01
5.421348389548761304e-01
5.599694137106608904e-01
5.833824344036344645e-01
6.015564060997165008e-01
6.107589489053619758e-01
6.144590145606831921e-01
6.169204876721352537e-01
6.192335115566427461e-01
6.202637346119959094e-01
6.192335115603166962e-01
6.169204876727369946e-01
6.144590145474337906e-01
6.107589488703617508e-01
6.015564060460885099e-01
5.833824343439530935e-01
5.599694136528245991e-01
5.421348388963302956e-01
5.387958081459803816e-01
5.487486155897074447e-01
5.619786034321836432e-01
5.687700810759875880e-01
5.673335781938886324e-01
5.630397148198328372e-01
5.618483550185076059e-01
5.653191002737703030e-01
5.707486603369209544e-01
5.745333212395410394e-01
5.749126804036750471e-01
5.721384706134806652e-01
5.672371665537998542e-01
5.614467938916678502e-01
5.565308721076103193e-01
5.544269472863956327e-01
5.557586921966559679e-01
5.589268040201096355e-01
5.612709908703306105e-01
5.613534095822100278e-01
5.600218389123321483e-01
5.592473885429012359e-01
5.600218257289667489e-01
5.613533911166793677e-01
5.612709804315862971e-01
5.589268136649148122e-01
5.557587237222807452e-01
5.544269881463392835e-01
5.565309025919206176e-01
5.614468020968345074e-01
5.672371577748923643e-01
5.721384615786031524e-01
5.749126858961488562e-01
5.745333479853060865e-01
5.707487086571556567e-01
5.653191629975764521e-01
5.618484135209861341e-01
5.630397439185427233e-01
5.673335662340773800e-01
5.687700505214339231e-01
5.619786011057700259e-01
5.487486696740755399e-01
5.387958989047257896e-01
5.421349182389549881e-01
5.599694492530706835e-01
5.833824325243541775e-01
6.015563954776932398e-01
6.107589484433306737e-01
6.144590226443659153e-01
6.169204955465079632e-01
6.192335154045820467e-01
6.202637364251635255e-01
6.192335154006888276e-01
6.169204955455592776e-01
6.144590226570130209e-01
6.107589484768500832e-01
6.015563955282494657e-01
5.833824325797135613e-01
5.599694493071590840e-01
5.421349182962825752e-01
5.387958989614497485e-01
5.487486697052765816e-01
5.619786010976840496e-01
5.687700505287793806e-01
5.673335663744683011e-01
5.630397442512049544e-01
5.618484139190625948e-01
5.653191632222177576e-01
5.707487086650373520e-01
5.745333481570764622e-01
5.749126867828808773e-01
5.721384632354598043e-01
5.672371594388381233e-01
5.614468028684521661e-01
5.565309025803968357e-01
5.544269886932005065e-01
5.557587262131029604e-01
5.589268180781850059e-01
5.612709851509042336e-01
5.613533942482659134e-01
5.600218266876240136e-01
