3.930632890988604300e-02
3.928571494231847261e-02
3.928277089478669076e-02
3.928241814344422128e-02
3.927613025195232643e-02
3.929393509092294484e-02
3.929878594602412983e-02
3.926953073520957072e-02
3.928274502855583217e-02
3.928435845381334640e-02
3.928267540375233319e-02
3.928318948333978100e-02
3.931761512878289427e-02
3.868747549665096236e-02
3.863536849298452452e-02
3.926458251768151497e-02
3.928183223230633653e-02
3.920130696128208692e-02
4.267660393890639753e-02
4.168649035373309109e-02
4.135972684259001109e-02
3.929527181544445469e-02
3.928252616657198354e-02
3.928189601690444677e-02
3.928565769487867010e-02
3.930999230983071163e-02
3.934552325589062843e-02
3.934481164046171875e-02
3.928155664377093459e-02
3.928079650669881462e-02
3.931701178532824581e-02
3.933939716257060099e-02
3.931574983674920171e-02
4.092485871815008946e-02
4.226028122600600928e-02
4.223442827805633237e-02
2.372017252973914261e-02
9.590197803276832023e-01
9.607207449316943482e-01
9.607179761694473186e-01
9.607173949944930458e-01
9.607183438097055550e-01
9.608340603135836488e-01
9.565923663626585416e-01
9.608340629710645509e-01
9.607183183336954757e-01
9.607089369516331745e-01
9.593680788542784388e-01
9.593674992644790622e-01
9.606255791908826502e-01
9.589950965674062244e-01
9.590533639968050750e-01
9.587552024433877440e-01
9.587662039259310376e-01
9.607052996493238295e-01
9.607172750262880090e-01
9.607151845912170751e-01
9.606340372570165709e-01
9.606345942232883406e-01
9.607748657306827145e-01
9.587027455308397839e-01
9.607769277063908930e-01
9.607179435676322932e-01
9.607232783030715817e-01
9.616034787341063428e-01
9.617506557111047405e-01
9.564353115667585392e-01
9.608403286676331367e-01
9.607484144044831087e-01
9.784777964808523132e-01
4.091459481558282207e-02
3.911892856673904878e-02
4.179414508736147005e-02
3.913684593063958966e-02
3.909344947109519297e-02
4.427183693172906387e-02
3.764519901117091560e-02
3.778273828983935712e-02
4.086116737031969537e-02
2.374485244532489187e-02
9.590986314475278274e-01
9.600244893646503463e-01
9.600322787760871002e-01
9.606896616670046463e-01
9.606903867438785216e-01
9.606917054956858326e-01
9.590126405658785380e-01
9.589998052783973437e-01
9.585282770135694630e-01
9.585296010327928329e-01
9.606771708973050883e-01
9.606899225374119222e-01
9.606898911635143312e-01
9.606898847825768861e-01
9.606902257292154745e-01
9.606923008769349126e-01
9.609271562860358662e-01
9.607535705848315732e-01
9.567712982242632114e-01
9.610159823372379506e-01
9.591136450287843784e-01
9.591080700911563950e-01
9.606857640048649394e-01
9.590601991576730434e-01
9.765402580163083934e-01
4.099272865019243373e-02
3.925209831367561936e-02
2.189826206791499474e-02
9.590192874710739002e-01
9.607030391595815511e-01
9.606804138682885075e-01
9.607685767042729585e-01
9.584196364623489561e-01
9.606686820043165431e-01
9.607149801149246215e-01
9.607128174259877973e-01
9.590141774246476736e-01
2.373612323549265796e-02
4.083624479344145214e-02
3.923255005040320043e-02
9.414490335773291196e-01
9.414431302596159012e-01
9.414459889998121334e-01
9.414443875789608729e-01
9.413770166516302051e-01
9.419196129137846762e-01
9.412381393392269535e-01
9.414423466910984972e-01
9.414519344172566084e-01
9.414518404296389198e-01
9.414399608593773117e-01
9.414572477774776349e-01
9.419846989837779017e-01
9.435080827504833678e-01
9.411722702661701190e-01
9.414453080978061328e-01
9.414385393845214889e-01
9.402075301000891727e-01
9.388412280313276348e-01
9.348085532906533768e-01
9.415526911143931033e-01
9.414464983572485846e-01
9.414416732119101905e-01
9.414388752640955316e-01
9.414496427643221921e-01
9.414682633031716819e-01
9.419915222721267911e-01
9.414603886845739344e-01
9.409807712690567705e-01
9.414512073158809446e-01
9.415324843713885894e-01
9.415035896675117977e-01
9.398840362210157950e-01
9.574187600512944485e-01
9.576557112880451639e-01
9.556294273898228164e-01
4.214836683964057196e-02
5.865152365988231947e-02
5.856130307527965262e-02
5.855402224063581407e-02
5.855365830516662262e-02
5.856493520490051174e-02
6.035938446400313656e-02
6.035937869137007750e-02
5.856498160585593693e-02
5.855326452381102303e-02
5.848096483908776788e-02
6.287130556216898036e-02
5.847560981608527358e-02
5.868246804612939349e-02
6.274595357324590228e-02
5.835079184922541823e-02
6.478546139859743536e-02
5.845207934817724799e-02
5.855295429058974405e-02
5.855339086982944141e-02
5.853010391006834706e-02
5.738580783104696437e-02
5.853625329557167467e-02
5.943044388526885768e-02
5.943038528789409969e-02
5.855933357207847995e-02
5.855427744243912880e-02
5.860922579425027062e-02
5.571745539332484398e-02
6.088722807312976770e-02
6.045513549023795452e-02
5.859326156923673479e-02
6.140320893686001397e-02
9.581942673205076089e-01
9.398467429710359866e-01
9.403035099752747872e-01
9.400408223756036019e-01
9.405565030273846938e-01
9.392500348380889985e-01
9.391770337658018608e-01
9.463468935080860955e-01
9.397797032352104285e-01
9.552657807010984659e-01
4.345542314329331468e-02
5.853739669390918554e-02
6.081262198535421909e-02
5.854364875694936798e-02
5.854394913127908273e-02
5.857003389476747590e-02
6.011058831512210154e-02
4.315429964687125114e-02
6.000232826886581911e-02
6.547020393075886346e-02
5.843122244678350397e-02
5.854103983441891895e-02
5.854098558737676899e-02
5.854091402242886377e-02
5.854123448005926073e-02
5.856950406827028666e-02
5.987449376154922037e-02
5.915144751358981934e-02
6.026235018240772012e-02
6.018991872326572012e-02
6.003685220283423718e-02
4.305905330508766338e-02
6.019239531014568961e-02
5.851757522351603430e-02
6.718037027466917943e-02
9.581805538825302060e-01
9.414085726510300622e-01
9.397973087673159309e-01
4.388473679086037776e-02
5.857631614701334921e-02
5.846099258728937320e-02
5.846643975146002814e-02
5.946738863840277806e-02
5.798672406591641459e-02
5.852886665312858477e-02
5.855350624180895303e-02
5.855038608374061454e-02
4.215849088180689125e-02
9.551455602595256833e-01
9.386220946417885846e-01
9.413989401581762673e-01
5.952123998734008825e-02
5.792438127670267861e-02
5.792568803705238495e-02
5.791921644535983488e-02
5.672660584392724692e-02
5.482190922448761106e-02
5.870587735358823861e-02
5.791538238388246190e-02
5.799322885411696549e-02
5.799262437383588542e-02
5.795091830211064610e-02
5.796047320603482655e-02
5.590066767083218258e-02
5.747004888655779520e-02
5.892786440414118920e-02
5.795938090613298593e-02
5.792466429082617635e-02
5.784493484805534880e-02
5.793790335382875689e-02
5.953475161207351374e-02
5.795168455015337061e-02
5.792544022235639883e-02
5.790575274296810848e-02
5.790661032914813655e-02
5.952514846999323178e-02
6.082205653088033209e-02
5.878096045628544014e-02
6.080537717067449610e-02
6.259920600549029324e-02
6.077604085822291974e-02
6.218074147134017293e-02
6.216434616132172214e-02
4.403121992607870322e-02
9.564352257114174805e-01
9.543149685548311112e-01
9.581819696865072622e-01
9.404475833883535474e-01
9.418066359151255895e-01
9.421391905058760230e-01
9.420749572215265655e-01
9.420716836564074770e-01
9.420761010006837299e-01
9.421704759022004882e-01
9.421704019026183596e-01
9.420767821876563364e-01
9.420738769459130468e-01
9.420496469811092677e-01
9.408227330830541968e-01
9.420449502832444200e-01
9.419284645614326434e-01
9.434170028027478727e-01
9.419611032579291443e-01
9.402637549463034317e-01
9.420401411852186158e-01
9.420739071488629657e-01
9.420729282539264116e-01
9.419954599807948137e-01
9.461703579643978568e-01
9.420039164715791058e-01
9.421276034087134876e-01
9.421237083776422550e-01
9.420754993192899107e-01
9.420743592811866574e-01
9.420903979682203611e-01
9.429126130541529704e-01
9.408195009879732895e-01
9.422077568080943211e-01
9.420915182617692896e-01
9.581319875216566251e-01
6.072810273270726200e-02
6.341799419173779762e-02
5.775730112364774876e-02
5.880649347353526096e-02
6.089674867296311633e-02
5.936779794507190955e-02
6.064252542055102030e-02
5.940596672638962655e-02
4.397390629569547515e-02
9.560199700837375136e-01
9.364245402159687703e-01
9.420926276468757354e-01
9.419192032114650504e-01
9.409936731434640489e-01
9.392198232328400342e-01
9.392143386217703949e-01
9.558647270369144966e-01
5.210856935145609381e-02
9.558161323460355741e-01
9.372355242662561148e-01
9.391812539530810522e-01
9.392225900333841526e-01
9.392024513934138508e-01
9.392015809049746311e-01
9.392014707778604254e-01
9.392206047495443855e-01
9.565406616035854181e-01
9.583974196070472740e-01
9.392480639769007489e-01
9.393024979692359278e-01
9.559922753674444662e-01
4.829886583330238181e-02
9.558053021286825324e-01
9.392091067565035978e-01
9.545978845811904367e-01
6.078616943999501365e-02
5.733039079318789227e-02
5.887754686748932625e-02
9.559388451091922478e-01
9.420386478493968374e-01
9.402238868949112094e-01
9.402291931836809225e-01
9.420326157177946191e-01
9.475258212238384381e-01
9.419722467076153682e-01
9.420730793477368747e-01
9.420402925141940775e-01
9.404564278111557929e-01
9.532707155022965839e-01
4.721489093643428669e-02
6.067101142993680529e-02
9.580416974281853459e-01
9.404432465622507564e-01
9.419959771397858894e-01
9.420202435577551547e-01
9.419437790221218965e-01
9.468077805323119600e-01
9.422813594579871888e-01
9.418059169003403230e-01
9.420421642441176857e-01
9.430675807155028956e-01
9.420347286031208744e-01
9.420176324307014681e-01
9.425918520087459562e-01
9.425855516335254203e-01
9.433125926000375250e-01
9.425263738107872991e-01
9.420342122389114836e-01
9.420088231693543035e-01
9.416876157288359694e-01
9.432653681643615728e-01
9.420680113703365777e-01
9.419874224746694891e-01
9.420059607077199137e-01
9.411640896453868921e-01
9.404293522917186454e-01
9.580655959836977820e-01
9.590467653383164537e-01
9.590485840717203336e-01
9.578798282973352007e-01
9.578762362730075530e-01
9.585310892863332377e-01
9.552271880452629649e-01
9.564124138099345807e-01
4.409953042459242162e-02
6.261312688269639326e-02
6.260637443691682846e-02
5.959241631954051432e-02
5.819125508334065111e-02
5.911018063287269003e-02
5.799936813734456187e-02
5.797039732597365769e-02
5.797039725895482276e-02
5.798846531262363824e-02
5.801399450330437663e-02
5.798835002400083011e-02
5.797924737882838991e-02
5.797731035789638332e-02
5.791121548916668832e-02
5.790221176586229229e-02
5.795756135690041666e-02
5.710783289830288073e-02
5.711010906868211473e-02
5.788649154106590561e-02
5.789573032299810684e-02
5.797982856359920611e-02
5.797890463981162507e-02
5.796450943919795318e-02
5.679702744255455543e-02
5.680661699876080745e-02
5.805428162521666241e-02
5.799728694989551847e-02
5.798365295872939112e-02
5.797913062709423443e-02
5.797944939399055087e-02
5.803161170959168780e-02
5.843974535945544585e-02
5.842042050872957998e-02
5.817530786756604233e-02
5.958072710769607427e-02
9.562653744159289593e-01
9.403825203800555421e-01
9.403056032623260396e-01
9.416934191604527937e-01
9.408370983394098719e-01
9.395736296544850985e-01
9.580046146156282472e-01
9.582999179211972862e-01
9.562070844701036076e-01
4.405333033087190098e-02
6.072670896125129114e-02
5.916298273132478136e-02
5.792948941456965706e-02
5.742827057385028328e-02
4.197159352399735394e-02
4.157932694049285699e-02
4.364643034046825076e-02
9.531251039166417360e-01
9.531552891685024509e-01
4.355256438517087630e-02
4.146102450819848240e-02
4.151166386869838132e-02
4.157192529455422392e-02
4.156778212081815166e-02
4.156770030189912979e-02
4.157724906144061316e-02
4.381827744608135511e-02
9.760752858922732145e-01
4.293892785420508340e-02
4.161667125147081037e-02
4.370004218755424441e-02
9.561382328758697424e-01
9.506733783316855257e-01
4.379753751165757492e-02
4.359762527950011846e-02
9.580232245627492427e-01
9.419891481009832201e-01
9.441708593101669766e-01
9.559084479154144054e-01
5.955866303846053117e-02
5.790590357400700328e-02
6.561493768225763745e-02
5.795039114723109230e-02
5.651061719034864567e-02
5.644342340093735921e-02
5.797046812121622178e-02
5.797683346267484827e-02
5.790221823235069953e-02
6.050678268026962042e-02
4.532552508221028564e-02
9.547772474256057684e-01
9.563051458132632021e-01
4.230165678388778105e-02
5.797752409978017968e-02
5.797890106230398771e-02
5.795585108648742406e-02
5.678030736646807325e-02
5.797721628071462324e-02
5.797506422161663453e-02
5.807433218933109875e-02
5.433372976374603591e-02
5.804746220939681345e-02
5.798303290048758413e-02
5.792197360695592462e-02
5.802179554134873074e-02
5.245299040687200626e-02
5.550403471934217681e-02
5.803074029492739927e-02
5.795928785083785673e-02
5.893769746115197494e-02
5.755193123212787309e-02
5.745152596160632563e-02
5.744778457110599756e-02
5.951236623752671762e-02
6.393662136162844845e-02
4.399660239855911203e-02
9.561895496764192259e-01
9.583010659533446329e-01
9.584301666090452310e-01
9.584174970523238191e-01
9.584187486253545885e-01
9.585562419397177791e-01
9.544522135505035809e-01
9.581901328593823708e-01
9.405537292642949243e-01
9.422017996543674556e-01
9.421288453476790448e-01
9.420366152994136266e-01
9.436061341406338787e-01
9.405253610075243742e-01
9.420782729949451761e-01
9.419147973569998999e-01
9.419145859691409051e-01
9.420251253555824711e-01
9.420294625251813825e-01
9.420217683683965726e-01
9.420209953422211679e-01
9.420206204909971071e-01
9.420117306139237368e-01
9.419030598224432671e-01
9.419060647750723270e-01
9.417115236201205608e-01
9.417162342909868311e-01
9.420931340125285880e-01
9.421254205172718832e-01
9.420529710973450932e-01
9.420209953452578500e-01
9.418814934242406567e-01
9.418073454922463172e-01
9.419485790003139236e-01
9.417529304226947007e-01
9.420266722307953922e-01
9.420213257770727600e-01
9.420207455641091965e-01
9.420114806184314293e-01
9.420163138151105287e-01
9.420487529173642294e-01
9.420570252298829939e-01
9.413934734201985233e-01
9.404301736464890649e-01
4.353737928953772124e-02
5.778083831523044694e-02
5.825347756725438725e-02
5.794959936868994410e-02
5.948773121776615436e-02
4.398626208975242591e-02
9.562839609027407040e-01
9.583930907348009454e-01
9.580559668834681686e-01
9.404534606501452343e-01
9.431049209887467644e-01
9.431228815274826927e-01
9.389666969588055245e-01
9.548004342459815996e-01
4.367714605614566453e-02
4.157502398626789636e-02
4.134064292156331560e-02
5.892196503263299329e-02
5.942311491388567457e-02
4.194744014315960473e-02
4.163987006600848584e-02
3.964031909337549509e-02
4.163439851426575106e-02
4.156833428744342862e-02
4.156767583870176613e-02
4.157170583682601173e-02
4.197366724517156283e-02
6.135448719693444020e-02
4.193836497502097943e-02
4.158515078019623529e-02
4.197496329037898877e-02
5.964551383463756462e-02
6.177385818904108233e-02
4.205511895597549565e-02
4.194196300741446365e-02
5.956835759792273449e-02
5.799312754028906197e-02
5.738888289831943490e-02
4.404479109634792250e-02
9.404805922495219628e-01
9.420697861731107681e-01
9.367226097475731539e-01
9.429023400723743897e-01
9.427861030392751251e-01
9.419225815278211567e-01
9.420184695713299527e-01
9.420122710917635533e-01
9.405329073580581678e-01
9.405865003526292512e-01
9.395785635204196851e-01
9.569039729852705234e-01
4.583183645043310134e-02
9.404988250025493324e-01
9.420711969210439074e-01
9.420723077845936100e-01
9.419969692958617413e-01
9.420032129941509069e-01
9.420733065734171463e-01
9.421594548774826494e-01
9.432029030015085524e-01
9.431233750525334081e-01
9.420961793826386765e-01
9.420584943708510961e-01
9.402657730999731678e-01
9.436004383091255443e-01
9.436242995880776974e-01
9.428713275767188762e-01
9.420778811072182402e-01
9.417354421916439566e-01
9.401097686862279756e-01
9.419904649002509567e-01
9.438818245204690927e-01
9.403944875972687356e-01
9.570805803976327741e-01
9.553458725057893952e-01
4.396948138722517330e-02
5.920701833433814759e-02
6.057759490054877988e-02
6.079403546761082133e-02
6.078913195467634117e-02
6.081020499185212091e-02
6.252319616904501720e-02
6.250918252200457492e-02
5.957996476294231264e-02
5.993228275960082313e-02
5.802587239534139768e-02
5.796217685176249107e-02
5.803796045124051672e-02
5.331785012272562130e-02
5.896491380742350380e-02
5.789939497993614598e-02
5.634669855686158524e-02
5.789595354521395731e-02
5.803109922782379027e-02
5.792833874602931754e-02
5.792590900301782669e-02
5.792580138135167145e-02
5.792488656278388381e-02
5.789086199858675674e-02
5.628465200741743224e-02
5.787318328558865160e-02
5.877011639239443364e-02
5.793707738172198390e-02
5.951930358500987644e-02
5.849296200096686799e-02
5.793673109070625327e-02
5.791781846728080024e-02
5.839354224920004222e-02
5.789538568698724547e-02
5.799648019440089425e-02
5.800308067101629661e-02
5.792645082224062020e-02
5.792581151725131883e-02
5.792261358545358618e-02
5.776332404101357232e-02
5.792600989360376096e-02
5.793520190081856425e-02
5.810986985714677866e-02
5.810302613434289304e-02
4.185670459900565910e-02
9.367244982786004925e-01
9.418607377766752276e-01
9.419311817501913042e-01
9.404183053958717897e-01
9.559206859952000812e-01
4.395525352926307749e-02
6.068891158968038602e-02
6.073234953928059732e-02
5.952523915672783272e-02
5.802475306096752800e-02
5.431628867761095075e-02
5.956552496690631360e-02
4.785237581110934890e-02
9.559361152740241119e-01
9.392179685770113418e-01
9.391766859430925596e-01
9.422885274643235665e-01
9.419595473538915353e-01
9.404965928810935516e-01
9.392596451348472764e-01
9.400222392950641215e-01
9.400215639717132143e-01
9.392081634065496676e-01
9.392016477900151372e-01
9.392016731471861668e-01
9.392169451890504117e-01
9.404758855100781023e-01
9.404745113066960149e-01
9.392147019846419642e-01
9.393019994674434159e-01
9.405627277887024240e-01
9.421763665457341119e-01
9.415413565449292088e-01
9.392555514436383701e-01
9.404759653615701875e-01
9.420766618210898447e-01
9.420358519198474001e-01
9.406312133938313780e-01
4.407776285620622347e-02
5.862907972834863896e-02
5.876738924952929627e-02
5.880766566952323748e-02
5.489799334220300114e-02
5.795053791846775659e-02
5.791752623642384273e-02
5.792491368778149297e-02
5.783600972570680787e-02
6.211352662744400871e-02
5.836649202339846965e-02
6.287782545546659330e-02
6.072346229809289647e-02
9.561242543728983856e-01
6.016039108840486038e-02
5.855759019562170598e-02
5.855348580521208685e-02
5.854720851667689907e-02
5.854778231237899033e-02
5.856268944580122343e-02
6.004112652673526673e-02
6.010478422359054329e-02
5.863172241303926668e-02
5.883966759860103507e-02
5.873700883052469790e-02
6.484650430174981883e-02
5.851720556421811242e-02
6.303165897963493303e-02
5.990511468888019830e-02
5.856181045990806189e-02
5.844289357574762589e-02
6.419963094565443729e-02
5.844798663545009570e-02
5.802322077306493187e-02
4.213020801364230489e-02
9.555928647558264988e-01
9.573744377155680718e-01
9.397658238769694972e-01
9.470872217596286724e-01
9.420441522676037405e-01
9.414452477040838874e-01
9.414584112971119412e-01
9.414617947674213116e-01
9.415497338991480891e-01
9.415485478877564374e-01
9.415624364620037712e-01
9.346697517230879715e-01
9.415579547225627621e-01
9.414482192325956955e-01
9.414782860874928438e-01
9.430211477957678445e-01
9.415278968681174421e-01
9.413325674177779323e-01
9.470416939822183799e-01
9.413374624180826933e-01
9.410786064363995118e-01
9.414528855753543368e-01
9.414462733919911619e-01
9.414462044058075074e-01
9.414451876559557508e-01
9.413254543104841998e-01
9.472630679004554466e-01
9.413203231174949170e-01
9.411955433802624560e-01
9.415314260131578683e-01
9.360244079823316632e-01
9.396803186903606164e-01
9.414796949931620862e-01
9.414437568338510642e-01
9.413087541619470366e-01
9.414417907409826647e-01
9.414501555293695034e-01
9.414506973661430633e-01
9.414463428137554990e-01
9.414461319769145131e-01
9.414357194999405376e-01
9.420148467327260633e-01
9.414359873478985730e-01
9.414470091239010019e-01
9.414566576956026056e-01
9.414295283576887829e-01
9.385262532846574413e-01
4.741169640158269388e-02
5.840206530149095326e-02
5.854276218654135000e-02
4.213922585460739417e-02
9.552545311373762393e-01
9.390869230541512014e-01
9.397779645440940133e-01
9.405821959649239838e-01
9.414444699507713565e-01
9.414644431268672786e-01
9.424941089361542623e-01
9.578556493796650528e-01
4.486901019867631235e-02
6.012206023948490907e-02
5.857026188469977024e-02
5.853241002133556525e-02
5.804844702207170859e-02
5.855031550949454933e-02
5.925565660356559711e-02
5.925091459137635241e-02
5.859692031519306982e-02
5.859246472730098715e-02
5.854240148345596362e-02
5.854092302118230756e-02
5.854095304166468533e-02
5.854336735832898347e-02
5.855363551334864108e-02
5.855385293289287058e-02
5.855318701133119946e-02
6.017167578339947809e-02
6.017977748112280506e-02
5.864757955414375001e-02
5.515592914380810369e-02
5.861242528911072419e-02
5.855076943690612490e-02
5.855691663150590365e-02
5.856540251012128800e-02
5.954633463797298631e-02
9.561699755043927551e-01
9.390917120934978435e-01
9.415280760551286710e-01
9.415050692946781430e-01
9.423108783437917912e-01
9.414610583728939552e-01
9.414457544633633157e-01
9.414454408306862643e-01
9.413748097514509361e-01
9.424455460186582645e-01
9.394960189982998200e-01
9.405580042236815208e-01
9.414065562286035860e-01
4.100973884333847241e-02
9.780975722216197488e-01
9.607395875079405290e-01
9.607173390358323406e-01
9.607168299409142298e-01
9.607154385013312314e-01
9.607177253689463958e-01
9.608150849180649988e-01
9.573239212796955666e-01
9.608372581251116706e-01
9.607444661569900513e-01
9.600470433166476969e-01
9.587690933042410935e-01
9.587541504239399659e-01
9.599528479870037545e-01
9.566227753473589557e-01
9.608058942332036167e-01
9.607054262775244213e-01
9.589369333690392905e-01
9.589404120133976361e-01
9.606660596397168517e-01
9.589779012820260906e-01
2.370915947534558629e-02
4.214889109893144720e-02
4.090485635956701144e-02
3.755601953009590765e-02
3.733873345969440649e-02
3.908102896905298052e-02
3.930850664180814136e-02
3.931028299433281248e-02
3.931971926233113895e-02
3.934683719135514957e-02
3.933178601753874876e-02
4.140764725399515012e-02
4.140506998591839127e-02
3.929659637760421487e-02
3.928602437785215507e-02
3.940079720706062688e-02
3.941383772621386006e-02
3.927906068341859014e-02
3.755617704156920256e-02
3.755674229715598444e-02
3.938498008675058587e-02
3.939663260453873939e-02
3.928333946693859935e-02
3.928260460262530257e-02
3.928250182466012930e-02
3.927032672655161871e-02
3.748827689092902593e-02
3.748783543500062293e-02
3.925429567206029091e-02
3.927705639154387141e-02
4.099405787731889156e-02
4.155910779033555880e-02
3.987364382982356431e-02
3.928614264817215096e-02
3.927378214813571911e-02
3.927347789118882521e-02
3.928248257986637071e-02
3.928416392460967049e-02
3.928304858108095515e-02
3.928260497376014071e-02
3.928145219543394823e-02
3.910585331648449431e-02
3.910588285968844696e-02
3.928160884498953231e-02
3.928375413029115693e-02
3.928610407938330079e-02
3.925017604092895934e-02
2.165279222532562678e-02
9.562989442675053908e-01
9.606885398913089791e-01
9.590119121267526303e-01
2.368656318947469364e-02
4.081709838148624148e-02
4.106399841630659769e-02
4.124912249194863378e-02
3.924943221050786191e-02
3.928747489011816252e-02
3.936150205394747109e-02
4.105709170170872280e-02
9.762395114911934790e-01
9.590732605938858679e-01
9.606922111512412599e-01
9.606893855418091599e-01
9.606574374683246598e-01
9.606797870552475915e-01
9.607606044469614304e-01
9.590649047016264195e-01
9.607433829414201432e-01
9.607081206596796985e-01
9.606947804574850203e-01
9.606900405953943123e-01
9.606898915085274604e-01
9.606899975130074321e-01
9.606907558521373680e-01
9.607110576947522906e-01
9.606915776992930311e-01
9.607964340048131824e-01
9.569659051245179571e-01
9.608278758476900272e-01
9.617718086463021843e-01
9.617466503749260154e-01
9.606981151935232166e-01
9.607142699221511428e-01
9.607180954991388910e-01
9.609209375395905139e-01
9.783145083680431231e-01
4.170283068744878863e-02
4.001761022153561831e-02
3.930521119704889071e-02
3.934719760748352224e-02
3.934234787242708864e-02
3.928373754675362761e-02
3.928249570286912462e-02
3.927565715680719077e-02
3.849074847048994386e-02
3.907029360283677949e-02
3.980164383386806254e-02
3.926107499102961251e-02
