9.472136592219931872e-01
9.472136592219917439e-01
9.472136592219921880e-01
9.472136592219914109e-01
9.472136592219911888e-01
9.472136592219914109e-01
9.472136592219916329e-01
9.472136592219919660e-01
9.472136592219917439e-01
9.472136592219918549e-01
9.472136592219918549e-01
9.472136592219919660e-01
9.472136592219919660e-01
9.472136592219914109e-01
9.472136592219916329e-01
9.472136592219915219e-01
9.472136592219916329e-01
9.472136592219921880e-01
9.472136592219917439e-01
9.472136592219916329e-01
9.472136592219918549e-01
9.472136592219924101e-01
9.472136592219918549e-01
9.472136592219919660e-01
9.472136592219917439e-01
9.472136592219916329e-01
9.472136592219919660e-01
9.472136592219919660e-01
9.472136592219915219e-01
9.472136592219915219e-01
9.472136592219917439e-01
9.472136592219916329e-01
9.472136592219920770e-01
9.472136592219918549e-01
9.472136592219918549e-01
9.472136592219915219e-01
9.472136592219916329e-01
9.472136592219915219e-01
9.472136592219914109e-01
9.472136592219917439e-01
9.472136592219918549e-01
9.472136592219917439e-01
9.472136592219918549e-01
9.472136592219917439e-01
9.472136592219918549e-01
9.472136592219914109e-01
9.472136592219919660e-01
9.472136592219910778e-01
9.472136592219920770e-01
9.472136592219914109e-01
9.472136592219914109e-01
9.472136592219915219e-01
9.472136592219914109e-01
9.472136592219909668e-01
9.472136592219918549e-01
9.472136592219914109e-01
9.472136592219917439e-01
9.472136592219918549e-01
9.472136592219917439e-01
9.472136592219912998e-01
9.472136592219912998e-01
9.472136592219914109e-01
9.472136592219919660e-01
9.472136592219918549e-01
9.472136592219916329e-01
9.472136592219912998e-01
9.472136592219916329e-01
9.472136592219911888e-01
9.472136592219912998e-01
9.472136592219914109e-01
9.472136592219916329e-01
9.472136592219917439e-01
9.472136592219919660e-01
9.472136592219912998e-01
9.472136592219918549e-01
9.472136592219915219e-01
9.472136592219919660e-01
9.472136592219917439e-01
9.472136592219919660e-01
9.472136592219918549e-01
9.472136592219918549e-01
9.472136592219914109e-01
9.472136592219918549e-01
9.472136592219917439e-01
9.472136592219915219e-01
9.472136592219915219e-01
9.472136592219915219e-01
9.472136592219921880e-01
9.472136592219916329e-01
9.472136592219915219e-01
9.472136592219916329e-01
9.472136592219912998e-01
9.472136592219915219e-01
9.472136592219924101e-01
9.472136592219921880e-01
9.472136592219914109e-01
9.472136592219917439e-01
9.472136592219916329e-01
9.472136592219921880e-01
9.472136592219919660e-01
9.472136592219920770e-01
9.472136592219914109e-01
9.472136592219918549e-01
9.472136592219919660e-01
9.472136592219915219e-01
9.472136592219912998e-01
9.472136592219914109e-01
9.472136592219917439e-01
9.472136592219918549e-01
9.472136592219921880e-01
9.472136592219921880e-01
9.472136592219920770e-01
9.472136592219917439e-01
9.472136592219914109e-01
9.472136592219919660e-01
9.472136592219911888e-01
9.472136592219912998e-01
9.472136592219916329e-01
9.472136592219916329e-01
9.472136592219914109e-01
7.852598163519057539e-02
7.852598163519042274e-02
7.852598163519057539e-02
7.852598163519054764e-02
7.852598163519056151e-02
7.852598163519072805e-02
7.852598163519061703e-02
7.852598163519040886e-02
7.852598163519050600e-02
7.852598163519042274e-02
7.852598163519035335e-02
7.852598163519043661e-02
7.852598163519065866e-02
7.852598163519065866e-02
7.852598163519056151e-02
7.852598163519063090e-02
7.852598163519060315e-02
7.852598163519057539e-02
7.852598163519050600e-02
7.852598163519051988e-02
7.852598163519050600e-02
7.852598163519065866e-02
7.852598163519070029e-02
7.852598163519035335e-02
7.852598163519060315e-02
7.852598163519051988e-02
7.852598163519047825e-02
7.852598163519064478e-02
7.852598163519045049e-02
7.852598163519057539e-02
7.852598163519070029e-02
7.852598163519060315e-02
7.852598163519063090e-02
7.852598163519049212e-02
7.852598163519035335e-02
7.852598163519049212e-02
7.852598163519063090e-02
7.852598163519042274e-02
7.852598163519035335e-02
7.852598163519060315e-02
7.852598163519047825e-02
7.852598163519064478e-02
7.852598163519060315e-02
7.852598163519060315e-02
7.852598163519038110e-02
7.852598163519056151e-02
7.852598163519061703e-02
7.852598163519051988e-02
7.852598163519050600e-02
7.852598163519042274e-02
7.852598163519051988e-02
7.852598163519047825e-02
7.852598163519043661e-02
7.852598163519042274e-02
7.852598163519050600e-02
7.852598163519068641e-02
7.852598163519053376e-02
7.852598163519060315e-02
7.852598163519053376e-02
7.852598163519058927e-02
7.852598163519057539e-02
7.852598163519050600e-02
7.852598163519046437e-02
7.852598163519049212e-02
7.852598163519053376e-02
7.852598163519043661e-02
7.852598163519061703e-02
7.852598163519039498e-02
7.852598163519054764e-02
7.852598163519046437e-02
7.852598163519063090e-02
7.852598163519054764e-02
7.852598163519040886e-02
7.852598163519053376e-02
7.852598163519043661e-02
7.852598163519060315e-02
7.852598163519043661e-02
7.852598163519046437e-02
7.852598163519051988e-02
7.852598163519054764e-02
7.852598163519063090e-02
7.852598163519063090e-02
7.852598163519057539e-02
7.852598163519053376e-02
7.852598163519051988e-02
7.852598163519060315e-02
7.852598163519076968e-02
7.852598163519051988e-02
7.852598163519065866e-02
7.852598163519053376e-02
7.852598163519050600e-02
7.852598163519058927e-02
7.852598163519046437e-02
7.852598163519042274e-02
7.852598163519040886e-02
7.852598163519054764e-02
7.852598163519053376e-02
7.852598163519045049e-02
7.852598163519065866e-02
7.852598163519042274e-02
7.852598163519070029e-02
7.852598163519061703e-02
7.852598163519045049e-02
7.852598163519047825e-02
7.852598163519046437e-02
7.852598163519043661e-02
7.852598163519057539e-02
7.852598163519046437e-02
7.852598163519049212e-02
7.852598163519050600e-02
7.852598163519047825e-02
7.852598163519057539e-02
7.852598163519043661e-02
7.852598163519056151e-02
7.852598163519068641e-02
7.852598163519064478e-02
7.852598163519072805e-02
7.852598163519058927e-02
7.852598163519065866e-02
7.852598163519046437e-02
9.225141437530038901e-01
9.225141437530036681e-01
9.225141437530034461e-01
9.225141437530034461e-01
9.225141437530036681e-01
9.225141437530035571e-01
9.225141437530028909e-01
9.225141437530031130e-01
9.225141437530030020e-01
9.225141437530034461e-01
9.225141437530036681e-01
9.225141437530034461e-01
9.225141437530031130e-01
9.225141437530032240e-01
9.225141437530030020e-01
9.225141437530034461e-01
9.225141437530031130e-01
9.225141437530031130e-01
9.225141437530031130e-01
9.225141437530035571e-01
9.225141437530036681e-01
9.225141437530033350e-01
9.225141437530040012e-01
9.225141437530032240e-01
9.225141437530033350e-01
9.225141437530034461e-01
9.225141437530031130e-01
9.225141437530028909e-01
9.225141437530031130e-01
9.225141437530035571e-01
9.225141437530035571e-01
9.225141437530033350e-01
9.225141437530033350e-01
9.225141437530033350e-01
9.225141437530030020e-01
9.225141437530035571e-01
9.225141437530030020e-01
9.225141437530033350e-01
9.225141437530034461e-01
9.225141437530030020e-01
9.225141437530034461e-01
9.225141437530032240e-01
9.225141437530028909e-01
9.225141437530034461e-01
9.225141437530028909e-01
9.225141437530032240e-01
9.225141437530032240e-01
9.225141437530036681e-01
9.225141437530033350e-01
9.225141437530034461e-01
9.225141437530032240e-01
9.225141437530031130e-01
9.225141437530034461e-01
9.225141437530030020e-01
9.225141437530032240e-01
9.225141437530034461e-01
9.225141437530032240e-01
9.225141437530030020e-01
9.225141437530036681e-01
9.225141437530032240e-01
9.225141437530030020e-01
9.225141437530030020e-01
9.225141437530038901e-01
9.225141437530031130e-01
9.225141437530032240e-01
9.225141437530033350e-01
9.225141437530028909e-01
9.225141437530032240e-01
9.225141437530028909e-01
9.225141437530034461e-01
9.225141437530031130e-01
9.225141437530031130e-01
9.225141437530035571e-01
9.225141437530032240e-01
9.225141437530033350e-01
9.225141437530031130e-01
9.225141437530033350e-01
9.225141437530030020e-01
9.225141437530033350e-01
9.225141437530033350e-01
9.225141437530030020e-01
9.225141437530033350e-01
9.225141437530035571e-01
9.225141437530033350e-01
9.225141437530033350e-01
9.225141437530031130e-01
9.225141437530034461e-01
9.225141437530033350e-01
9.225141437530037791e-01
9.225141437530034461e-01
9.225141437530035571e-01
9.225141437530033350e-01
9.225141437530034461e-01
9.225141437530033350e-01
9.225141437530034461e-01
9.225141437530033350e-01
9.225141437530033350e-01
9.225141437530033350e-01
9.225141437530036681e-01
9.225141437530032240e-01
9.225141437530035571e-01
9.225141437530030020e-01
9.225141437530032240e-01
9.225141437530033350e-01
9.225141437530031130e-01
9.225141437530032240e-01
9.225141437530032240e-01
9.225141437530036681e-01
9.225141437530033350e-01
9.225141437530031130e-01
9.225141437530035571e-01
9.225141437530033350e-01
9.225141437530034461e-01
9.225141437530034461e-01
9.225141437530032240e-01
9.225141437530034461e-01
9.225141437530032240e-01
9.225141437530033350e-01
9.225141437530036681e-01
9.225141437530037791e-01
7.761021185461806915e-02
7.761021185461812466e-02
7.761021185461808303e-02
7.761021185461811078e-02
7.761021185461808303e-02
7.761021185461816629e-02
7.761021185461804139e-02
7.761021185461812466e-02
7.761021185461819405e-02
7.761021185461791649e-02
7.761021185461804139e-02
7.761021185461815242e-02
7.761021185461806915e-02
7.761021185461797200e-02
7.761021185461811078e-02
7.761021185461801364e-02
7.761021185461802752e-02
7.761021185461806915e-02
7.761021185461818017e-02
7.761021185461797200e-02
7.761021185461809690e-02
7.761021185461809690e-02
7.761021185461826344e-02
7.761021185461795813e-02
7.761021185461812466e-02
7.761021185461809690e-02
7.761021185461797200e-02
7.761021185461823568e-02
7.761021185461819405e-02
7.761021185461820793e-02
7.761021185461799976e-02
7.761021185461822181e-02
7.761021185461806915e-02
7.761021185461819405e-02
7.761021185461812466e-02
7.761021185461818017e-02
7.761021185461808303e-02
7.761021185461820793e-02
7.761021185461802752e-02
7.761021185461811078e-02
7.761021185461804139e-02
7.761021185461805527e-02
7.761021185461802752e-02
7.761021185461811078e-02
7.761021185461811078e-02
7.761021185461804139e-02
7.761021185461797200e-02
7.761021185461811078e-02
7.761021185461806915e-02
7.761021185461812466e-02
7.761021185461794425e-02
7.761021185461809690e-02
7.761021185461794425e-02
7.761021185461808303e-02
7.761021185461802752e-02
7.761021185461802752e-02
7.761021185461799976e-02
7.761021185461815242e-02
7.761021185461816629e-02
7.761021185461802752e-02
7.761021185461816629e-02
7.761021185461805527e-02
7.761021185461805527e-02
7.761021185461805527e-02
7.761021185461805527e-02
7.761021185461812466e-02
7.761021185461801364e-02
7.761021185461813854e-02
7.761021185461812466e-02
7.761021185461812466e-02
7.761021185461797200e-02
7.761021185461811078e-02
7.761021185461798588e-02
7.761021185461809690e-02
7.761021185461804139e-02
7.761021185461793037e-02
7.761021185461819405e-02
7.761021185461809690e-02
7.761021185461801364e-02
7.761021185461805527e-02
7.761021185461808303e-02
7.761021185461816629e-02
7.761021185461801364e-02
7.761021185461826344e-02
7.761021185461801364e-02
7.761021185461811078e-02
7.761021185461804139e-02
7.761021185461811078e-02
7.761021185461815242e-02
7.761021185461809690e-02
7.761021185461809690e-02
7.761021185461802752e-02
7.761021185461811078e-02
7.761021185461815242e-02
7.761021185461813854e-02
7.761021185461826344e-02
7.761021185461811078e-02
7.761021185461806915e-02
7.761021185461826344e-02
7.761021185461801364e-02
7.761021185461815242e-02
7.761021185461818017e-02
7.761021185461819405e-02
7.761021185461808303e-02
7.761021185461797200e-02
7.761021185461790262e-02
7.761021185461799976e-02
7.761021185461808303e-02
7.761021185461802752e-02
7.761021185461804139e-02
7.761021185461809690e-02
7.761021185461795813e-02
7.761021185461812466e-02
7.761021185461797200e-02
7.761021185461795813e-02
7.761021185461805527e-02
7.761021185461818017e-02
7.761021185461824956e-02
7.761021185461816629e-02
7.761021185461812466e-02
9.223897881453839709e-01
9.223897881453839709e-01
9.223897881453835268e-01
9.223897881453833048e-01
9.223897881453837488e-01
9.223897881453837488e-01
9.223897881453836378e-01
9.223897881453833048e-01
9.223897881453836378e-01
9.223897881453837488e-01
9.223897881453834158e-01
9.223897881453836378e-01
9.223897881453837488e-01
9.223897881453835268e-01
9.223897881453831937e-01
9.223897881453835268e-01
9.223897881453833048e-01
9.223897881453837488e-01
9.223897881453836378e-01
9.223897881453834158e-01
9.223897881453839709e-01
9.223897881453839709e-01
9.223897881453837488e-01
9.223897881453839709e-01
9.223897881453838599e-01
9.223897881453838599e-01
9.223897881453834158e-01
9.223897881453833048e-01
9.223897881453836378e-01
9.223897881453839709e-01
9.223897881453838599e-01
9.223897881453835268e-01
9.223897881453834158e-01
9.223897881453838599e-01
9.223897881453839709e-01
9.223897881453836378e-01
9.223897881453840819e-01
9.223897881453841929e-01
9.223897881453836378e-01
9.223897881453834158e-01
9.223897881453839709e-01
9.223897881453836378e-01
9.223897881453835268e-01
9.223897881453838599e-01
9.223897881453836378e-01
9.223897881453837488e-01
9.223897881453836378e-01
9.223897881453835268e-01
9.223897881453836378e-01
9.223897881453836378e-01
9.223897881453836378e-01
9.223897881453834158e-01
9.223897881453835268e-01
9.223897881453836378e-01
9.223897881453836378e-01
9.223897881453837488e-01
9.223897881453836378e-01
9.223897881453833048e-01
9.223897881453835268e-01
9.223897881453836378e-01
9.223897881453833048e-01
9.223897881453834158e-01
9.223897881453834158e-01
9.223897881453837488e-01
9.223897881453835268e-01
9.223897881453837488e-01
9.223897881453833048e-01
9.223897881453838599e-01
9.223897881453834158e-01
9.223897881453833048e-01
9.223897881453836378e-01
9.223897881453835268e-01
9.223897881453839709e-01
9.223897881453837488e-01
9.223897881453835268e-01
9.223897881453839709e-01
9.223897881453837488e-01
9.223897881453837488e-01
9.223897881453833048e-01
9.223897881453837488e-01
9.223897881453841929e-01
9.223897881453833048e-01
9.223897881453838599e-01
9.223897881453839709e-01
9.223897881453837488e-01
9.223897881453837488e-01
9.223897881453837488e-01
9.223897881453836378e-01
9.223897881453837488e-01
9.223897881453838599e-01
9.223897881453837488e-01
9.223897881453838599e-01
9.223897881453835268e-01
9.223897881453833048e-01
9.223897881453834158e-01
9.223897881453838599e-01
9.223897881453836378e-01
9.223897881453839709e-01
9.223897881453840819e-01
9.223897881453836378e-01
9.223897881453839709e-01
9.223897881453835268e-01
9.223897881453837488e-01
9.223897881453835268e-01
9.223897881453835268e-01
9.223897881453835268e-01
9.223897881453835268e-01
9.223897881453837488e-01
9.223897881453838599e-01
9.223897881453831937e-01
9.223897881453834158e-01
9.223897881453836378e-01
9.223897881453839709e-01
9.223897881453831937e-01
9.223897881453838599e-01
9.223897881453836378e-01
9.223897881453836378e-01
9.223897881453835268e-01
9.223897881453838599e-01
9.223897881453838599e-01
7.748585624699835805e-02
7.748585624699855234e-02
7.748585624699848295e-02
7.748585624699844132e-02
7.748585624699833030e-02
7.748585624699849683e-02
7.748585624699838581e-02
7.748585624699837193e-02
7.748585624699841357e-02
7.748585624699849683e-02
7.748585624699851071e-02
7.748585624699826091e-02
7.748585624699833030e-02
7.748585624699855234e-02
7.748585624699844132e-02
7.748585624699834418e-02
7.748585624699839969e-02
7.748585624699839969e-02
7.748585624699831642e-02
7.748585624699834418e-02
7.748585624699838581e-02
7.748585624699839969e-02
7.748585624699830254e-02
7.748585624699841357e-02
7.748585624699842744e-02
7.748585624699842744e-02
7.748585624699848295e-02
7.748585624699846908e-02
7.748585624699845520e-02
7.748585624699848295e-02
7.748585624699852459e-02
7.748585624699834418e-02
7.748585624699856622e-02
7.748585624699834418e-02
7.748585624699853847e-02
7.748585624699831642e-02
7.748585624699834418e-02
7.748585624699841357e-02
7.748585624699846908e-02
7.748585624699856622e-02
7.748585624699844132e-02
7.748585624699844132e-02
7.748585624699841357e-02
7.748585624699849683e-02
7.748585624699838581e-02
7.748585624699842744e-02
7.748585624699851071e-02
7.748585624699844132e-02
7.748585624699828867e-02
7.748585624699831642e-02
7.748585624699845520e-02
7.748585624699845520e-02
7.748585624699838581e-02
7.748585624699837193e-02
7.748585624699858010e-02
7.748585624699845520e-02
7.748585624699848295e-02
7.748585624699838581e-02
7.748585624699846908e-02
7.748585624699845520e-02
7.748585624699848295e-02
7.748585624699848295e-02
7.748585624699831642e-02
7.748585624699839969e-02
7.748585624699828867e-02
7.748585624699833030e-02
7.748585624699842744e-02
7.748585624699841357e-02
7.748585624699841357e-02
7.748585624699841357e-02
7.748585624699851071e-02
7.748585624699846908e-02
7.748585624699842744e-02
7.748585624699845520e-02
7.748585624699846908e-02
7.748585624699826091e-02
7.748585624699839969e-02
7.748585624699848295e-02
7.748585624699842744e-02
7.748585624699827479e-02
7.748585624699841357e-02
7.748585624699838581e-02
7.748585624699830254e-02
7.748585624699856622e-02
7.748585624699852459e-02
7.748585624699844132e-02
7.748585624699839969e-02
7.748585624699852459e-02
7.748585624699835805e-02
7.748585624699849683e-02
7.748585624699844132e-02
7.748585624699835805e-02
7.748585624699856622e-02
7.748585624699855234e-02
7.748585624699830254e-02
7.748585624699827479e-02
7.748585624699849683e-02
7.748585624699841357e-02
7.748585624699839969e-02
7.748585624699838581e-02
7.748585624699848295e-02
7.748585624699841357e-02
7.748585624699831642e-02
7.748585624699838581e-02
7.748585624699838581e-02
7.748585624699841357e-02
7.748585624699831642e-02
7.748585624699830254e-02
7.748585624699821928e-02
7.748585624699845520e-02
7.748585624699838581e-02
7.748585624699837193e-02
7.748585624699848295e-02
7.748585624699845520e-02
7.748585624699852459e-02
7.748585624699844132e-02
7.748585624699842744e-02
7.748585624699846908e-02
7.748585624699837193e-02
7.748585624699855234e-02
9.214740183648115757e-01
9.214740183648110206e-01
9.214740183648113536e-01
9.214740183648113536e-01
9.214740183648110206e-01
9.214740183648114646e-01
9.214740183648116867e-01
9.214740183648115757e-01
9.214740183648112426e-01
9.214740183648111316e-01
9.214740183648113536e-01
9.214740183648113536e-01
9.214740183648113536e-01
9.214740183648111316e-01
9.214740183648113536e-01
9.214740183648111316e-01
9.214740183648110206e-01
9.214740183648112426e-01
9.214740183648111316e-01
9.214740183648110206e-01
9.214740183648115757e-01
9.214740183648111316e-01
9.214740183648114646e-01
9.214740183648115757e-01
9.214740183648111316e-01
9.214740183648111316e-01
9.214740183648113536e-01
9.214740183648109095e-01
9.214740183648113536e-01
9.214740183648112426e-01
9.214740183648113536e-01
9.214740183648111316e-01
9.214740183648113536e-01
9.214740183648114646e-01
9.214740183648111316e-01
9.214740183648111316e-01
9.214740183648111316e-01
9.214740183648111316e-01
9.214740183648112426e-01
9.214740183648111316e-01
9.214740183648113536e-01
9.214740183648109095e-01
9.214740183648110206e-01
9.214740183648111316e-01
9.214740183648112426e-01
9.214740183648115757e-01
9.214740183648109095e-01
9.214740183648110206e-01
9.214740183648111316e-01
9.214740183648111316e-01
9.214740183648113536e-01
9.214740183648109095e-01
9.214740183648112426e-01
9.214740183648112426e-01
9.214740183648110206e-01
9.214740183648109095e-01
9.214740183648107985e-01
9.214740183648111316e-01
9.214740183648110206e-01
9.214740183648113536e-01
9.214740183648112426e-01
9.214740183648111316e-01
9.214740183648111316e-01
9.214740183648107985e-01
9.214740183648111316e-01
9.214740183648112426e-01
9.214740183648113536e-01
9.214740183648112426e-01
9.214740183648110206e-01
9.214740183648113536e-01
9.214740183648112426e-01
9.214740183648113536e-01
9.214740183648111316e-01
9.214740183648109095e-01
9.214740183648114646e-01
9.214740183648113536e-01
9.214740183648111316e-01
9.214740183648109095e-01
9.214740183648107985e-01
9.214740183648113536e-01
9.214740183648111316e-01
9.214740183648111316e-01
9.214740183648112426e-01
9.214740183648111316e-01
9.214740183648110206e-01
9.214740183648110206e-01
9.214740183648115757e-01
9.214740183648111316e-01
9.214740183648112426e-01
9.214740183648114646e-01
9.214740183648112426e-01
9.214740183648114646e-01
9.214740183648109095e-01
9.214740183648109095e-01
9.214740183648110206e-01
9.214740183648112426e-01
9.214740183648113536e-01
9.214740183648113536e-01
9.214740183648113536e-01
9.214740183648117977e-01
9.214740183648109095e-01
9.214740183648111316e-01
9.214740183648110206e-01
9.214740183648109095e-01
9.214740183648110206e-01
9.214740183648113536e-01
9.214740183648113536e-01
9.214740183648113536e-01
9.214740183648113536e-01
9.214740183648113536e-01
9.214740183648112426e-01
9.214740183648112426e-01
9.214740183648112426e-01
9.214740183648113536e-01
9.214740183648111316e-01
9.214740183648111316e-01
9.214740183648111316e-01
9.214740183648109095e-01
9.214740183648111316e-01
9.214740183648113536e-01
5.278634077801008795e-02
5.278634077801021285e-02
5.278634077801010183e-02
5.278634077800998387e-02
5.278634077801010183e-02
5.278634077801007407e-02
5.278634077800999080e-02
5.278634077801021979e-02
5.278634077801010183e-02
5.278634077801000468e-02
5.278634077801009489e-02
5.278634077801009489e-02
5.278634077801006713e-02
5.278634077801023367e-02
5.278634077801009489e-02
5.278634077801011570e-02
5.278634077801011570e-02
5.278634077801024754e-02
5.278634077801003938e-02
5.278634077801016428e-02
5.278634077801010877e-02
5.278634077801015040e-02
5.278634077801017122e-02
5.278634077800996305e-02
5.278634077801012264e-02
5.278634077801012958e-02
5.278634077801007407e-02
5.278634077801003938e-02
5.278634077801011570e-02
5.278634077801015734e-02
5.278634077801016428e-02
5.278634077801010877e-02
5.278634077801024754e-02
5.278634077801007407e-02
5.278634077801025448e-02
5.278634077801015734e-02
5.278634077801014346e-02
5.278634077801006713e-02
5.278634077801016428e-02
5.278634077801011570e-02
5.278634077801013652e-02
5.278634077801012958e-02
5.278634077801012264e-02
5.278634077801012958e-02
5.278634077801018509e-02
5.278634077801008795e-02
5.278634077801001856e-02
5.278634077801019897e-02
5.278634077801013652e-02
5.278634077801008795e-02
5.278634077801003244e-02
5.278634077801011570e-02
5.278634077801003244e-02
5.278634077801006713e-02
5.278634077801015040e-02
5.278634077801017122e-02
5.278634077801010877e-02
5.278634077801008795e-02
5.278634077801016428e-02
5.278634077801009489e-02
5.278634077801003938e-02
5.278634077801011570e-02
5.278634077801024754e-02
5.278634077801012958e-02
5.278634077801000468e-02
5.278634077801017122e-02
5.278634077801013652e-02
5.278634077801009489e-02
5.278634077801015734e-02
5.278634077801009489e-02
5.278634077801006713e-02
5.278634077801009489e-02
5.278634077801003244e-02
5.278634077801015040e-02
5.278634077801013652e-02
5.278634077801006713e-02
5.278634077801014346e-02
5.278634077801009489e-02
5.278634077801015734e-02
5.278634077801018509e-02
5.278634077801017122e-02
5.278634077801012264e-02
5.278634077801014346e-02
5.278634077801006019e-02
5.278634077801020591e-02
5.278634077801019897e-02
5.278634077801003244e-02
5.278634077801018509e-02
5.278634077801019897e-02
5.278634077801003244e-02
5.278634077801010877e-02
5.278634077801010877e-02
5.278634077801014346e-02
5.278634077801018509e-02
5.278634077801017815e-02
5.278634077801009489e-02
5.278634077801009489e-02
5.278634077801013652e-02
5.278634077801019203e-02
5.278634077801019897e-02
5.278634077801021285e-02
5.278634077801003244e-02
5.278634077801010877e-02
5.278634077801017122e-02
5.278634077801011570e-02
5.278634077801015040e-02
5.278634077801012958e-02
5.278634077801018509e-02
5.278634077801006713e-02
5.278634077801017122e-02
5.278634077801012958e-02
5.278634077801011570e-02
5.278634077801017122e-02
5.278634077801012264e-02
5.278634077801007407e-02
5.278634077801012264e-02
5.278634077801003938e-02
5.278634077801015734e-02
5.278634077801010877e-02
5.278634077801021285e-02
