2.048659966821466116e-01
2.423386263028633747e-01
6.713170086473738696e-01
7.924103795820082174e-01
7.928187635358798779e-01
8.050108594649156846e-01
7.864972446510474224e-01
6.940153972119981196e-01
2.584744376471365124e-01
3.406861472487672793e-01
7.348496900651002584e-01
7.993152026447224445e-01
7.520775058157559423e-01
4.067760226741604090e-02
7.569287816127384660e-01
2.547772540648169382e-01
1.981372661852775774e-01
1.889150052003301661e-01
1.864473109808744977e-01
1.743765521902082005e-01
1.737821353797343038e-01
1.862970330822660558e-01
1.856835781297369870e-01
1.914161946776859191e-01
1.872944360069039305e-01
1.897666749702092703e-01
1.891823415625895621e-01
2.250688846411237065e-01
4.628735758086013896e-01
7.802155322572419394e-01
7.740621660879187793e-01
7.915155699107965237e-01
7.542570922194959948e-01
7.842243207913657255e-01
7.863368662439312873e-01
7.835375683371473832e-01
7.758232418013730758e-01
7.737880292163727969e-01
7.841043874065287689e-01
7.827384911117979405e-01
1.804674875151519864e-01
1.889663686942640031e-01
1.857576430769810050e-01
2.064862318030668831e-01
1.995610910510414726e-01
2.096903862291671916e-01
2.042975012353257513e-01
2.102354415017916867e-01
1.873173982561905371e-01
2.313238958580752791e-01
2.237920436321143292e-01
4.166809496240932442e-01
1.865341303339077550e-01
1.827267404689713881e-01
2.103758097851827769e-01
1.938022590498241216e-01
3.677864618678403086e-01
1.142838518725654978e-01
8.453618162955982562e-01
7.829638202497133381e-01
8.104607782656507720e-01
8.137264477407272212e-01
8.143846946038806323e-01
8.203470636539283989e-01
8.861928258614018006e-01
8.877758330767163697e-01
8.203710302357277717e-01
8.036739082509367638e-01
8.066792522833843293e-01
8.058649770883175023e-01
7.513456798885808086e-01
6.733556949547427894e-01
7.442638472954518081e-01
8.067012308659682329e-01
8.101575380368202239e-01
8.003242290795762326e-01
7.876280524967983476e-01
7.777463136526026055e-01
7.675132018063209882e-01
7.848592537930031421e-01
7.398642268997805971e-01
7.834833729637769029e-01
8.073398458953603418e-01
7.449206218940783719e-01
7.459536701621458654e-01
8.097695071389248156e-01
8.134244477587664335e-01
8.098705436928665957e-01
8.021673167456436770e-01
7.997930862583754186e-01
6.970372228723820118e-01
1.853157589183329068e-01
1.952623982095089694e-01
2.882927766999652253e-01
2.881939015877515997e-01
1.928231761807654709e-01
1.904504581918807227e-01
1.927708968312006887e-01
2.309527256773092341e-01
5.670142910667408387e-01
7.701056774904962987e-01
7.881787476432422501e-01
3.010085663784871080e-01
2.151296369379356588e-01
2.053959084507483435e-01
1.995359138637191332e-01
1.995526147989885313e-01
1.913618106450111211e-01
2.117165357001314085e-01
2.284291170879984567e-01
3.550795562681609008e-01
7.094811913300977935e-01
7.928991724838743149e-01
8.045595178438054162e-01
8.034697156306497279e-01
7.996595202847740502e-01
7.973698029884144223e-01
8.404275834041892157e-01
1.219644945927303020e-01
2.004758487521454136e-01
6.795312981473564662e-01
5.279585503053637607e-01
3.400542864566666323e-01
3.112387737860710102e-01
2.787431532612800189e-01
2.981228518593539434e-01
3.782576239695978337e-01
5.876532108255718700e-01
5.727880525576549697e-01
3.919487057882594661e-01
3.116187791282956643e-01
2.898514284564669419e-01
2.715421215909834540e-01
3.250212339039271203e-01
6.507379787535733096e-01
6.962774984013131441e-01
7.213000020319980665e-01
7.256149321662958007e-01
7.236454221663889408e-01
7.838781418738752782e-01
7.214801901445655474e-01
7.165910367065722042e-01
7.166008381768164126e-01
7.227650165439641894e-01
7.241214997056111269e-01
7.119965873556883817e-01
6.613961491832988093e-01
6.171336969547436269e-01
5.027637695032423082e-01
8.578156514123225218e-01
3.292316502615769691e-01
3.244214763005989210e-01
3.211360438781674653e-01
3.114350132896468448e-01
3.112519128590947037e-01
3.173489410313981574e-01
3.238803100472783525e-01
3.254198377663108377e-01
3.400747507586556195e-01
8.531939272251625184e-01
7.072316769671262993e-01
7.109386284579752857e-01
7.274144132433026932e-01
7.454593921286369884e-01
7.097874246388055086e-01
7.044659709308284112e-01
6.898940312824494159e-01
6.931218235491194424e-01
6.918513952060894034e-01
5.698186952311399267e-01
6.302531139011404715e-01
6.418561199458796551e-01
7.462016374010371766e-01
7.028492859145111238e-01
6.829955073445946878e-01
6.424463443928974948e-01
6.414351295097054928e-01
1.259209246736942289e-01
2.947200636613455660e-01
2.915680578789293098e-01
2.762592771134351199e-01
2.725988646620044475e-01
2.706558250377797403e-01
2.754079079628048432e-01
9.773386786940843063e-01
2.794187068568209642e-01
2.939462739884106113e-01
3.283751220791165104e-01
2.930834246734746462e-01
2.827976238147624777e-01
5.048396401927278676e-01
5.773167802739754828e-01
2.879768834907875941e-01
2.791180562021876588e-01
2.877181363835897843e-01
3.009349946554469302e-01
2.930580451624302807e-01
3.375544529165689922e-01
3.000535846222381342e-01
3.253626381649853960e-01
8.111412602127636706e-01
2.959089927263784392e-01
2.845065396243282030e-01
5.371867541392988388e-01
2.795673921333017842e-01
2.735798909258788658e-01
2.761124939398318379e-01
2.858454116026334368e-01
2.766277779408504167e-01
3.144211959125763345e-01
7.919427820731327339e-01
7.027317613265032792e-01
7.094473713604637632e-01
2.981362798016786164e-01
7.084493730858758553e-01
7.178656943536905199e-01
7.060430698071039624e-01
6.695348524554497471e-01
5.245737208446250577e-01
3.639522188308973449e-01
3.113737942487419530e-01
7.174563372061717459e-01
6.058338082196187413e-01
7.073549162898323805e-01
7.575339757418054765e-01
7.396882921100408348e-01
7.277075029263678774e-01
7.246291555362434078e-01
6.024657505163120153e-01
6.328547560261856830e-01
4.745590904222237727e-01
3.412398564067234963e-01
2.784788538949092285e-01
2.733558332229293342e-01
2.737050449462414270e-01
2.591028023326727991e-01
2.265652936664067363e-01
7.118324393462704958e-02
7.180732791344122123e-01
6.526402516940311704e-01
3.320182330464472864e-01
4.566532117127946044e-01
7.804361161340062081e-01
6.676273249294653045e-01
6.886934131927634484e-01
6.815596425444951922e-01
1.484821978175486779e-01
5.763723711692515517e-01
5.707167782277641210e-01
6.200472715740711349e-01
6.781878526815876551e-01
6.979749199532534476e-01
6.856406894705517896e-01
5.947895000154094225e-01
3.941791331314938862e-01
3.340722395104696041e-01
2.780766097006715509e-01
2.814355050911092615e-01
2.721453747017456015e-01
2.651259158534293725e-01
2.725201577765522520e-01
2.629690204667461950e-01
2.769987882958789838e-01
2.843011543737322677e-01
2.878567011820911681e-01
2.941968946806708951e-01
5.619644080559258459e-01
3.578271132299690738e-01
3.540798486970737624e-01
3.128957444484041783e-01
5.042960125077087241e-01
6.022942613009358848e-01
6.200284297551548196e-01
6.048641336004685343e-01
5.947001610768115620e-01
5.977591263002764999e-01
5.929124779214084429e-01
5.636791112233741075e-01
5.074425657038452719e-01
4.340271231420148590e-01
3.174299789767875968e-01
2.480067134459215117e-01
4.045267951436935516e-01
1.572257785627926008e-01
3.393345092851926537e-01
2.795956411265719255e-01
3.566105206910080705e-01
3.547127143234003466e-01
3.763275348997657810e-01
3.718003759781549622e-01
3.657344935530066898e-01
3.099608931777921850e-01
2.955880672428271572e-01
8.263966118727626986e-01
3.104305344106219611e-01
2.968556190578208187e-01
3.189168268323737676e-01
6.307908099548301672e-01
6.916529488314602236e-01
7.112214157850422769e-01
7.239505499154081924e-01
7.279877079017023078e-01
7.322861403892296783e-01
7.496814284438929610e-01
7.672693560568520921e-01
7.467720220611017146e-01
7.203012939246800084e-01
3.973370282305694334e-01
7.086861355555454933e-01
6.767854388678319344e-01
6.078481981433062620e-01
5.734203147360802388e-01
7.053742164020507799e-01
7.135019866139484801e-01
7.008090016108394771e-01
6.771043867136247174e-01
5.689594795927347404e-01
8.228914907210340690e-01
5.334239410338021958e-01
5.417320737790655150e-01
4.886015571322598894e-01
6.574075793761081643e-01
6.940242078156859673e-01
6.504355749445517310e-01
7.064864102632685272e-01
7.244784653099417548e-01
7.248122309638457272e-01
6.301080962302002542e-01
8.597562582934504816e-01
4.786506190965210128e-01
3.584443001273623919e-01
3.030771571375183160e-01
3.195944844347940461e-01
4.042755354313637417e-01
3.166013870399013164e-01
2.959805133243633701e-01
2.969988528348364576e-01
3.947979244876468341e-01
5.047669386371008704e-01
8.671147171703664780e-01
6.709537339701242553e-01
5.605175482058235570e-01
4.481966831676821306e-01
3.245507898701549543e-01
9.569248442640667651e-01
3.044532137007847084e-01
2.755365185356652979e-01
2.817355851764693497e-01
3.168671668243522310e-01
3.455782304154998985e-01
6.300872020744606727e-01
5.734068670361119890e-01
1.292555072565479413e-01
7.098865961642218947e-01
7.226009802401539561e-01
7.104940648790117885e-01
9.565483936019678057e-02
3.576399311801679581e-01
2.774389053259616600e-01
2.954608857560833135e-01
6.923715628855275916e-01
6.479258136652604749e-01
4.152410578116241813e-01
2.987324033317617644e-01
4.285160832963542110e-01
2.946940964687055353e-01
3.048584613360331153e-01
4.460983912262518336e-01
3.864645068280983531e-01
3.947444436349029639e-01
3.169944073759630165e-01
2.974075288281942120e-01
3.057895526339050596e-01
3.171271764936043902e-01
4.470465158727099375e-01
6.312293749182712466e-01
7.204426550756773961e-01
7.129879535315631900e-01
7.165466660192283399e-01
7.179935490939883813e-01
7.176001731917203141e-01
7.097163363398508729e-01
8.263761442019467163e-01
7.058991424275702364e-01
7.199720632629267314e-01
6.592396705891390152e-01
6.625761187308605304e-01
6.313051112652885433e-01
6.496354161313835363e-01
6.349275172036121795e-01
5.674240520855683423e-01
4.769555468745114712e-01
4.230083228172241139e-01
4.263421678632727807e-01
4.460926499605563089e-01
4.485154462381510942e-01
4.481092053698385036e-01
4.699145147322462690e-01
5.079891113276404635e-01
5.477232979624477860e-01
4.531496763543878536e-01
7.072177924799885051e-01
8.983141653792400816e-02
4.099593500681550373e-01
6.656237034749921122e-01
6.354448789225854988e-01
6.049560575796127937e-01
5.807158454322560726e-01
2.345277492039996026e-01
5.816921885057639852e-01
5.957617687973957299e-01
5.993900354656961360e-01
6.777843107274670320e-01
7.154922969600966409e-01
4.450020217984076432e-01
6.609599783367656745e-01
6.341765545595728915e-01
4.506854312354496850e-01
3.660658914916766760e-01
3.030933966209175545e-01
2.841947069305483797e-01
2.789462398240217800e-01
2.772453135976527538e-01
2.800888100424324123e-01
2.878683211383508689e-01
2.896133954774192665e-01
2.899061465128010551e-01
3.769681060309336695e-01
3.622708112554291482e-01
3.001146840932396032e-01
3.164168399720750924e-01
2.860633806360770581e-01
1.957736947769138647e-01
2.918570618513972592e-01
3.020045407676950067e-01
3.329174575654985091e-01
4.396929774210964759e-01
4.861722349320671266e-01
4.816020920763849911e-01
5.016976350053877765e-01
4.508513066368468603e-01
3.611414959019008108e-01
3.238169592139173991e-01
3.246971928362178406e-01
2.912389862070419722e-01
2.794402399441475171e-01
2.785285280997602531e-01
2.952210648428257311e-01
2.843851449284187649e-01
4.334561789069929505e-01
5.004231316784496508e-01
6.639116884329177015e-01
7.025441247264762046e-01
6.949483122202700924e-01
6.953273520826017684e-01
6.927752726915799020e-01
6.738735054286899562e-01
5.974371982687446403e-01
5.243363634478239721e-01
4.060123662153934387e-01
2.804843154333763744e-01
3.262186695309329254e-01
4.464813999252340571e-01
7.327325816513788892e-01
7.066979843895241364e-01
7.218571867394333319e-01
7.163009186729369926e-01
7.175020783653734968e-01
7.080246880397349507e-01
7.004901474426923347e-01
6.268908506900188193e-01
4.291051394064614999e-01
4.851181764183444822e-01
3.054780406410849136e-01
2.885842930298024855e-01
2.835335841892733799e-01
2.614954910648876196e-01
6.101691115115868147e-01
6.224586853744248360e-01
6.900353849066637180e-01
3.070663332170062709e-01
3.485746868871935633e-01
5.643127605501621069e-01
6.586672784741789410e-01
6.729949141232037801e-01
6.596986781245127718e-01
6.451279858196209416e-01
6.584215574970460061e-01
5.764173047333829292e-01
5.970942018897017478e-01
6.935640916707244141e-01
7.019482236488624460e-01
6.945923610469098008e-01
6.394699316077439022e-01
4.729405763405014618e-01
8.803710801549066156e-01
1.563676333257509599e-01
3.063593878660210157e-01
2.822594787890127521e-01
2.782249125226247677e-01
2.781744873081372083e-01
2.804038973466234652e-01
2.948920753840897357e-01
1.950313477953131980e-01
2.903069986362840638e-01
2.928940262854708987e-01
2.911579043603804706e-01
2.930893533938625506e-01
3.030361290084426784e-01
3.420796152274365176e-01
3.906113401681627351e-01
4.249449657670267833e-01
4.204939863644068798e-01
4.278858231604861784e-01
4.382686242696575141e-01
4.281463303367407658e-01
4.042503240156620770e-01
3.912254156748367628e-01
3.791065190475219060e-01
3.572186209833229098e-01
3.362136169107616257e-01
2.745775344519343908e-01
2.384620722262218440e-01
3.375583591239311176e-01
3.766280395127633018e-01
4.363417970207443819e-01
4.514711110229162605e-01
5.684739150097872784e-01
6.372406195373481186e-01
5.887608898328672291e-01
4.657349788095146992e-01
4.388628815759378909e-01
3.434902994669099541e-01
4.048217846838532141e-01
8.773545991242849285e-01
3.230722404673871395e-01
3.743300574638017131e-01
5.465853167782726008e-01
6.405376718361053268e-01
7.057739938018576797e-01
7.181881272722172582e-01
7.216512649297087689e-01
7.238100543011188881e-01
7.244489033114234200e-01
7.220834371600203250e-01
7.198711066633013411e-01
7.159576823525322098e-01
6.565025238854768075e-01
6.902171431920541833e-01
6.995623594417941238e-01
6.816231409405515418e-01
5.143444762973619494e-02
7.037932206469428298e-01
7.094161265174365738e-01
6.922180928604341199e-01
6.128973512781638044e-01
4.918290784358950729e-01
4.392777846194367841e-01
3.856400878456767156e-01
4.083709159599297478e-01
4.690927219571098816e-01
6.286189914172772841e-01
6.736242896772610678e-01
5.758783739506644350e-01
7.160859826273784368e-01
7.197006767522813320e-01
7.206918257028637198e-01
7.102761328834188426e-01
7.753205314497157996e-01
5.449516539723044950e-01
3.690599849508280350e-01
3.153979381692231243e-01
2.961200121715845124e-01
2.923537014618436958e-01
2.888431169733600701e-01
3.143963952179218424e-01
3.254083649589387117e-01
4.364979825608665820e-01
5.084879374029462884e-01
6.252703819701879162e-01
6.765794762161577713e-01
6.747557311149093850e-01
6.420787407004447944e-01
2.235178264543107307e-01
3.410251788428490527e-01
3.123533547267519084e-01
2.939819343745715963e-01
2.848926068159741698e-01
2.914531094397065369e-01
2.880660450758348867e-01
2.052281854366842517e-01
5.257955114672442365e-01
6.052653234004523597e-01
6.796335987234122245e-01
7.010383949485534671e-01
7.023368247611622150e-01
6.830418408015087595e-01
5.251890479470543438e-01
3.634380404642301721e-01
3.226898144846356842e-01
6.607356751942575768e-01
5.221446370919710089e-01
3.772485537885207352e-01
2.925350670645328055e-01
2.816750680617734481e-01
4.880655950061971726e-01
3.445830533688574726e-01
3.418823702564326439e-01
6.096486150608071419e-01
2.942613272642223277e-01
2.991462257350009368e-01
2.875543097661945602e-01
3.294615658678677894e-01
4.435366446034601506e-01
4.921666819732402054e-01
7.279792173104349118e-01
6.471484190582015295e-01
7.086500339580151797e-01
7.254753318765443382e-01
7.263779755366214230e-01
7.236068973227917089e-01
7.135159762641416492e-01
7.091559399680321674e-01
7.347597735399622465e-01
7.232849119070019484e-01
7.148464080954322064e-01
7.021134126397381436e-01
7.124406362047418506e-01
6.988604388166912429e-01
6.398474231385239408e-01
5.114061122113756630e-01
5.785911016116296324e-01
6.084609309408666178e-01
5.975219153959493434e-01
5.818413385361111967e-01
6.159588701957523504e-01
6.328126312244757301e-01
6.398409582053151690e-01
6.588643899113456603e-01
6.958104473246684574e-01
7.104759887255166495e-01
7.094442771824921445e-01
7.176123124208950710e-01
6.801245340513690785e-01
6.053100980318648627e-01
5.684841964640504619e-01
3.682844592600217903e-01
3.365078937833302919e-01
3.488423024888323565e-01
3.709537544448576751e-01
5.049800047356649557e-01
5.926204457030068706e-01
6.316406102696329183e-01
7.357557976239194053e-01
6.814831717332173744e-01
6.386349902736376816e-01
5.602582448429117568e-01
3.584665622110940753e-01
2.875218265097445047e-01
2.780215201695586669e-01
2.737154816146805114e-01
2.719894632936736834e-01
2.714077610817358099e-01
2.707829209481277255e-01
2.794943723769546251e-01
2.798248951564096809e-01
3.029878909571894763e-01
3.474183072345984336e-01
2.990236635508704555e-01
3.025166678034741374e-01
2.745887571049870912e-01
2.373274547933928724e-01
2.822460077164696268e-01
2.970820321348756621e-01
3.741941211845845050e-01
4.583308829830379794e-01
5.572182007539236981e-01
6.782125000613531407e-01
6.244514386015742602e-01
5.557661363266261922e-01
4.559601640492883523e-01
3.438463094822850064e-01
3.175374464266076946e-01
3.012877563062130171e-01
2.740532297072811319e-01
2.722400917312151614e-01
2.731056294755064284e-01
2.701803893256858324e-01
2.593165355691580132e-01
6.609704957817200688e-01
6.860450664272127463e-01
7.119398990430525487e-01
7.195665885325568389e-01
6.939609046244596957e-01
1.682225272670041238e-01
6.370658054424119809e-01
7.220062834808084196e-01
4.993123987719301771e-01
3.542207188285736441e-01
3.037990060101952716e-01
3.098897129447246712e-01
3.331646996279601924e-01
3.803319885697666325e-01
6.782192962587937357e-01
7.228428042216794580e-01
7.176138128125559845e-01
7.254007585204041986e-01
7.199678976939566377e-01
6.788321287536167592e-01
1.226814865369174334e-01
5.071102408868751743e-01
4.188111440921866158e-01
3.905068766257750457e-01
2.933102192167247879e-01
3.018628479126638786e-01
2.851403998951256291e-01
3.239894521539809502e-01
4.649129722640406581e-01
6.722590795144650633e-01
6.931215357490259077e-01
3.195110278352498723e-01
4.714829215715918842e-01
6.321704793351264895e-01
7.110435135347721314e-01
7.112988760955990530e-01
6.781047523915054720e-01
5.149463759094662363e-01
6.943293103899019769e-01
6.757090459074087674e-01
6.997037703205630788e-01
7.152823597813744438e-01
7.163762285363838300e-01
6.774801361114469733e-01
5.571444720629328273e-01
3.652933134609112065e-01
3.121875831394136380e-01
5.042336840509064055e-01
2.815121390746276875e-01
2.733906703192316434e-01
2.724453175714761088e-01
2.735687037798891219e-01
2.775423949087255648e-01
2.830764447513028914e-01
2.810802499932278375e-01
2.748464020711722244e-01
3.184292087685808847e-01
2.747725921433690766e-01
2.783404344898062766e-01
2.827464391671672406e-01
3.009333021538781461e-01
6.935539400103870600e-01
3.185636804575747716e-01
3.097161180798670976e-01
3.105971778687927620e-01
4.387777843059121330e-01
3.063251199707217598e-01
3.024507954820162547e-01
2.967245033180200831e-01
2.897797563548933364e-01
2.829839842507597125e-01
2.754543570822665099e-01
2.756828836254019977e-01
2.840709626504447916e-01
2.602081570132902533e-01
4.700140774326612703e-01
1.352928163779246740e-01
6.942432635213481307e-01
6.938704048416782788e-01
6.898054575264769284e-01
6.811146186437789796e-01
6.467641156676230407e-01
4.320365143701602184e-01
3.386027132244819882e-01
2.896422739631024368e-01
2.911313165486640875e-01
3.527982363146822675e-01
4.505749677629731775e-01
6.807947115547723360e-01
7.161586508681172525e-01
7.237818281991479363e-01
7.269273244289045088e-01
7.277059670579999473e-01
7.246786552692828787e-01
7.245277841650240580e-01
7.269282848921848617e-01
7.167724650355730143e-01
6.436503761565796067e-01
5.923454961058874924e-01
6.705601325829250170e-01
6.988248001395251929e-01
6.976407286646114647e-01
7.172465734442354801e-01
7.186190674056863736e-01
7.092260557036320634e-01
6.225941126254634916e-01
5.026274463161747308e-01
3.326359404545460863e-01
3.025774826387151450e-01
3.074309596694361768e-01
3.696458828691969178e-01
4.938729624824178543e-01
6.672930314765630477e-01
7.174488999235830722e-01
7.237987535713087395e-01
7.270315806493646837e-01
7.273792905991356417e-01
7.254974397717626200e-01
7.197122779047642194e-01
7.022507937966997460e-01
1.134935258819968068e-01
2.869062088525574095e-01
2.795046686385361800e-01
2.767782199846022251e-01
2.955785406033610840e-01
8.275030157507367035e-01
3.511252747487452197e-01
4.311911752621125360e-01
6.089014925816080837e-01
6.733742690431365752e-01
7.199678406523203344e-01
7.066327971019910059e-01
6.923005562198928375e-01
6.534986114219368813e-01
3.057916078080316069e-01
3.050513651115688285e-01
2.789624004101299293e-01
2.758339576495605350e-01
2.812922712551669258e-01
3.044339172388769166e-01
6.772268904402567458e-01
3.619631823082495869e-01
5.131454459806505941e-01
6.319379222560588261e-01
7.032824214923500961e-01
7.163110751309256230e-01
7.117576535840021146e-01
6.547822237392753042e-01
6.516875753936667293e-01
3.807828638111386277e-01
3.209550042520230018e-01
7.980328292392268041e-01
7.545855770308184107e-01
3.111123789153863450e-01
1.888284261575596812e-01
1.854195290730708545e-01
1.888955245946904171e-01
2.311009856186779787e-01
2.342061567310865788e-01
1.978897634886808976e-01
1.986291283794479057e-01
1.891799027059176685e-01
1.869343112692390674e-01
1.928077960742454466e-01
2.683937438091293926e-01
7.073903295019270399e-01
8.251113073596495484e-01
7.633783763808182909e-01
7.727485686894645101e-01
8.121733774442129183e-01
8.138185833150717308e-01
8.135318045302198930e-01
8.125581928165619416e-01
8.083996556069610318e-01
8.150516046859374031e-01
8.122670184333606880e-01
8.024982510315591400e-01
8.004134170647547730e-01
8.085903238491748413e-01
8.088679631333384190e-01
8.069286373512614130e-01
7.372848880170407293e-01
7.225832381436710916e-01
7.835750815494200161e-01
7.825430479913020321e-01
7.532719617665197820e-01
7.564338471799433306e-01
7.857538741291483220e-01
7.916172950482721626e-01
7.979452892913391215e-01
8.017086909529418381e-01
8.092535953882140642e-01
8.138215064583020908e-01
8.033395687080064906e-01
7.885104137958541815e-01
9.096818244614000015e-01
5.648798442220328564e-01
1.483865590918480581e-01
2.008083995599965477e-01
1.959578060413800504e-01
2.114052820679487299e-01
2.008492031221032204e-01
2.382855046703519497e-01
6.414200324341170489e-01
7.871450541874780438e-01
8.269621461721419209e-01
7.913918673656815672e-01
6.238780436145845432e-01
2.027913506692809731e-01
1.893938105773873282e-01
1.885951751105875984e-01
1.865498003890373735e-01
1.858328556226749306e-01
1.849282297574567357e-01
1.980109196734876620e-01
1.855715647440256966e-01
1.860294248086567515e-01
1.961860568940255456e-01
5.266887204046296622e-01
3.032934441963708316e-01
9.246035865223187766e-01
2.517734915841103871e-01
1.592597549138556612e-01
1.900983315581385169e-01
1.875550679167173884e-01
2.055018268733404818e-01
4.060608223732349309e-01
7.676802068152648317e-01
8.063462019339617814e-01
7.984860688659349837e-01
7.953451009569607599e-01
6.572157229520376731e-01
2.511906246885658445e-01
1.930978529213913941e-01
1.956696402347631314e-01
1.870549195753217764e-01
1.860268695213752321e-01
1.857159899777425516e-01
1.863617221585985584e-01
1.792757344546858644e-01
1.320639277563444014e-01
8.335168407133656254e-01
8.072437917208048486e-01
8.119109224091979327e-01
8.174489501944866010e-01
8.224629875203464113e-01
7.938040486865194367e-01
6.603295106924138569e-01
2.890802189433984148e-01
2.761368921153062317e-01
9.589379391896267757e-01
2.431547268082685787e-01
1.981147659637248759e-01
2.522773225828495169e-01
8.777797138231006047e-01
7.842037612643670830e-01
8.116663541343120958e-01
8.131220779513113062e-01
8.120682813355702967e-01
8.009927633064621855e-01
8.460029953259721180e-01
2.574445185893693422e-01
6.384198879086013800e-01
3.811342631782635992e-01
2.091603949562662601e-01
1.871605792543737101e-01
1.857045004439542291e-01
1.908605621744361436e-01
2.919788282241249089e-01
1.132939338133151091e-01
5.556562052480727987e-01
