3.434571381765528786e-01
1.998507678140906130e-01
2.005307422670192796e-01
1.851919820183636212e-01
1.818118375319121571e-01
1.930230807118838987e-01
1.873401902603968328e-01
1.793301113957834758e-01
1.853669450410527220e-01
1.863140485203604313e-01
1.853895396731645162e-01
1.842678262865436734e-01
2.216454734911184610e-01
1.947127296681459008e-01
5.314206460551766931e-01
7.701931096343538341e-01
7.819730470774098885e-01
7.788052278453373445e-01
7.891512280847784444e-01
7.920655660843776147e-01
7.861079572288760531e-01
7.931577153277822312e-01
8.013779446146649388e-01
8.025947581345697079e-01
8.107828975261031079e-01
8.134169206440550193e-01
8.139670704096768628e-01
8.142697483482622678e-01
8.148633734180764643e-01
7.906407961160860642e-01
8.128119240561311187e-01
8.099367695480991225e-01
7.225534198468940295e-01
2.511713015981417163e-01
1.868198097449367823e-01
1.858163665362201067e-01
1.852138702266178383e-01
1.853766696577817952e-01
1.852996692560391623e-01
1.853861180276813458e-01
1.853916622122339652e-01
1.854702861063381447e-01
1.855009374609470629e-01
1.854072125655033820e-01
1.854020096290380504e-01
1.848381975858015558e-01
1.849701577943611841e-01
1.859138771423705372e-01
1.865829457018424453e-01
1.885310072082679311e-01
1.947130101132169833e-01
1.895041616330127854e-01
1.978619440146047737e-01
2.106838797365174210e-01
2.039426070369931843e-01
2.063632695275104956e-01
2.082343417012657294e-01
1.992158530652985704e-01
1.985198985536206773e-01
2.087644601520131094e-01
2.083201712016256590e-01
2.518474132144598032e-01
6.484545672098304125e-01
8.036108055698178987e-01
8.024507908909531695e-01
8.102043513524429530e-01
8.090593138764536896e-01
8.136110457188837630e-01
8.130150547028391905e-01
7.987282833135616045e-01
6.450415030692465690e-01
2.530115388731755122e-01
2.021447508240718505e-01
2.465116657904399822e-01
2.094824895234249640e-01
2.170973027026754654e-01
4.804741620426856707e-01
7.806907064709341926e-01
8.122467775139058377e-01
8.096724760462725712e-01
8.128737316647025590e-01
8.105583665065488885e-01
8.050562522276792921e-01
8.029942216598637827e-01
7.922347525917072808e-01
7.989163090763435893e-01
8.053315467576381836e-01
7.866360527172109318e-01
8.135147207279030956e-01
8.162359816874452667e-01
7.645418231941878418e-01
8.165762981338763327e-01
8.036608958953752602e-01
5.468465182341135655e-01
2.077023863325524466e-01
1.853620751553512469e-01
1.840266718378462951e-01
2.174607499030336843e-01
1.835665987848779379e-01
1.850903521587587697e-01
1.845226719158136186e-01
1.854578923809152846e-01
1.855305089476727842e-01
1.855954919793948443e-01
1.856138829848740235e-01
1.862310437987713119e-01
1.886004329415310043e-01
2.030268840996064528e-01
2.017383832836691648e-01
1.921854945276908477e-01
1.983323730131283935e-01
1.888032837334655545e-01
2.041524834713779601e-01
3.759240799185395998e-01
7.676453883975431491e-01
8.055753135005216947e-01
8.059589017285404555e-01
8.120720038236908245e-01
8.094895946769152806e-01
7.439106239016773925e-01
6.037607159704088122e-01
6.939852151013494730e-01
7.090319364702784011e-01
7.484768029997626027e-01
7.256807478214276630e-01
6.952782642426948989e-01
7.570214577275429235e-01
7.273578028185294642e-01
7.286707694625096376e-01
7.286755963599448327e-01
7.273936997076015931e-01
7.155548299376361943e-01
6.973110433042322143e-01
6.719309551691063920e-01
4.541619404794302040e-01
3.659527983518476857e-01
3.215027207838493384e-01
3.169745494961179744e-01
3.067162016473370389e-01
3.088970330805952402e-01
3.087599474060690463e-01
2.984848041546975805e-01
2.946807267080285841e-01
2.980178339297960832e-01
2.808273257696871639e-01
2.743317263055179422e-01
2.726113196318062926e-01
2.724301628626492611e-01
2.773872560741574289e-01
2.744677517842231684e-01
2.806396081133633036e-01
3.385020986486257932e-01
5.070248780352957230e-01
6.767156637252140783e-01
7.211775024353913599e-01
7.264736838314722611e-01
7.275999961097090463e-01
7.280132606100080395e-01
7.283795865184303775e-01
7.285857606127966735e-01
7.285552809091334625e-01
7.287356064673333744e-01
7.286836264785667705e-01
7.286347002530618733e-01
7.284867886098042034e-01
7.320848361985502484e-01
7.278698062607406039e-01
7.269538728917741555e-01
7.241539736150642836e-01
7.172848619967394646e-01
7.112024512208057203e-01
7.375476363428246085e-01
6.929905281275254847e-01
6.953313021820931583e-01
6.966000042746056664e-01
7.031719617055878224e-01
6.965831856792106258e-01
7.074378079866557867e-01
7.114196327921931129e-01
6.488593998468112911e-01
6.863831285566138751e-01
5.744575290978860549e-01
3.969651582601059214e-01
3.026421356899922088e-01
2.878090777311832493e-01
2.777772480955677525e-01
2.755230291991719316e-01
2.767490064294294561e-01
2.848943022414949788e-01
3.435753678727136440e-01
4.429059432626077930e-01
6.435735138771842001e-01
6.696792773477207028e-01
6.927407047651769068e-01
6.653195180427822208e-01
5.327377127389292255e-01
3.983394695490156678e-01
2.985957934385733425e-01
2.760567057524019319e-01
2.739174189955063121e-01
2.776125714556715862e-01
2.853633012335959895e-01
2.925674157826075872e-01
2.956083975083276250e-01
2.917030061464973012e-01
2.884430648551164489e-01
2.908499305493554843e-01
2.850443825569952128e-01
2.754070871303398449e-01
2.887158686308555211e-01
2.905612938061400419e-01
2.946027871177012147e-01
4.168322286567650026e-01
5.549580570806960100e-01
7.013805306062593781e-01
7.243634136042595983e-01
7.180751121209364429e-01
7.186231916823850874e-01
7.276798508726974868e-01
7.278679224218801425e-01
7.278150513440843072e-01
7.280887454237279233e-01
7.279481923161668089e-01
7.270589674460333773e-01
7.234113551896691474e-01
7.120068848038642040e-01
7.167238358333318793e-01
6.716703192436241920e-01
7.185146374480821940e-01
7.178596177236391540e-01
7.210780678084445228e-01
7.175069561102245252e-01
6.443912216963076922e-01
5.340030139020346400e-01
3.344909345270131173e-01
2.946681894045450889e-01
2.840115354700764594e-01
2.836538138588991509e-01
3.220852104758757384e-01
4.231898819263277267e-01
5.179585888340965116e-01
3.781403771557820259e-01
3.009842930857711818e-01
2.847960681765449031e-01
2.761674882126995412e-01
2.773311704848634429e-01
2.773199143982282289e-01
2.723332476322139484e-01
2.741430717743792433e-01
2.739783731616896589e-01
2.714018950249915685e-01
2.754506993331543030e-01
2.973734654929810484e-01
3.720683541476499379e-01
4.315367659317586591e-01
5.164305219169457173e-01
6.154522967740739814e-01
6.228346475322242837e-01
5.943668720880788126e-01
6.203268385612412672e-01
6.435243436954142249e-01
6.370280027135163392e-01
6.696428153068201272e-01
6.298717485697791219e-01
7.167594422703212897e-01
7.250398177359230756e-01
7.276995677896458403e-01
7.284988854408167569e-01
7.265998442593615270e-01
7.702566507981131183e-01
7.115742058671129522e-01
6.399425066408831464e-01
4.919939180720618865e-01
3.395280747833682167e-01
2.804182407181744496e-01
2.717854372287769604e-01
2.709349894222207178e-01
2.703227969892944005e-01
2.704330545816261977e-01
2.708947163747432718e-01
2.706246739406630852e-01
2.715091862179097593e-01
2.707825052969701218e-01
2.707966348817643643e-01
2.708772429247052194e-01
2.722085876781479286e-01
2.718084441185190658e-01
2.737629318180889726e-01
2.798629131826894101e-01
2.916889375668821893e-01
3.201738827238233553e-01
3.499449429939502365e-01
3.459812443057372344e-01
3.732602502946135714e-01
3.906899498046377817e-01
3.548365162399164108e-01
3.552345642156182759e-01
3.460659885726395935e-01
3.090962692945206092e-01
3.111088443207287724e-01
3.247344691947246509e-01
4.396193284640362298e-01
4.868009198192742581e-01
6.400836198439158187e-01
7.047424174476921710e-01
7.026820725355282793e-01
7.013305723815661530e-01
7.125839264662681138e-01
7.138763067764108960e-01
6.611758403447728361e-01
5.972686190524184591e-01
5.368954695966869917e-01
3.362352620461488417e-01
3.860071906313755630e-01
4.952768720414322257e-01
5.860863984347908229e-01
5.629753604473127782e-01
7.028155064284221654e-01
7.092670586002460809e-01
7.102421694819145426e-01
7.189078730617547430e-01
7.083587694285302661e-01
6.278262544244583854e-01
6.569667797945046850e-01
7.221878149877585251e-01
6.525958224895168636e-01
6.980321726761988810e-01
7.112773070779780937e-01
7.205553491660754428e-01
7.265628944019805191e-01
7.249763977085647015e-01
7.038594520282910327e-01
5.714981901200609782e-01
4.529582797906175351e-01
3.090653600225858333e-01
2.750641252398903780e-01
2.711046823344229750e-01
2.705145209414486773e-01
2.703758328955599977e-01
2.674300230584663041e-01
2.676589142870074989e-01
2.711019294487132525e-01
2.713559683582167925e-01
2.722104012506173509e-01
2.742163464463769351e-01
3.436890558567848863e-01
2.894726345693799385e-01
3.201893435852731229e-01
3.038000668807291360e-01
2.883343734445658058e-01
2.842449773564947324e-01
2.557703959269036487e-01
3.545499736309484229e-01
4.295986661025380515e-01
5.506102210185604973e-01
6.882377680120006502e-01
7.089165715940405343e-01
7.132153631826784190e-01
6.288230192997910084e-01
5.959719488417483113e-01
4.504095535929129035e-01
5.211635643872495338e-01
6.219391160591962731e-01
6.940898991360011649e-01
7.109643716695813742e-01
7.201261174479932636e-01
7.206995875259244455e-01
7.214753466696918194e-01
7.242755560506777268e-01
7.098457701594761415e-01
7.237547832066713038e-01
7.214822110316198023e-01
7.116367463875628019e-01
6.920260776898220501e-01
6.009632536935077818e-01
5.513185269137420574e-01
4.920281877858464492e-01
4.267178483648956244e-01
4.507159279858906631e-01
4.567867024596490855e-01
4.084206920046583034e-01
3.952036114173466674e-01
3.904457553833936556e-01
3.574908426641983383e-01
3.169064225666766155e-01
2.884659538672452728e-01
2.803439614161054028e-01
2.779121573523309352e-01
2.786781997187651738e-01
2.761154574449331545e-01
2.817960791555669253e-01
3.083633007112222546e-01
3.795477215767807944e-01
6.399374401034958471e-01
6.943738537173119729e-01
7.123426890012910517e-01
7.073613651934472779e-01
7.195396595659482308e-01
7.248747532498702739e-01
7.237806518553276947e-01
7.239034591199995372e-01
7.241386846320780890e-01
7.242493462430362738e-01
7.241855497625065974e-01
7.241791530441578084e-01
7.240685040104315462e-01
7.234656208050550541e-01
7.212483301216036091e-01
7.153394351045782029e-01
7.041645058938383883e-01
6.679852797373529993e-01
6.179085242480363283e-01
6.114887245941930116e-01
5.914717525789771058e-01
5.440099703379281948e-01
5.645926249619700465e-01
6.047087415376550812e-01
6.018818826288001578e-01
6.352140741161714788e-01
6.819538263990528870e-01
6.873100889169794225e-01
6.693946532909064162e-01
5.443769577658037484e-01
4.844368772682286495e-01
3.716967552990282364e-01
3.022238168522443091e-01
3.595540083259705089e-01
2.854049821530559861e-01
2.856351168546514829e-01
2.955504034455475049e-01
3.425227669836983790e-01
4.146359494664967338e-01
4.546777309742846551e-01
5.494089300773435935e-01
4.873039234701043165e-01
4.228755073537479037e-01
3.819120280970212944e-01
3.177129836152534081e-01
2.872438283193675113e-01
3.477180514400119438e-01
2.874199434792540919e-01
3.006898757461738403e-01
3.573073957981834359e-01
3.915347333549092923e-01
3.644904584588612440e-01
3.793358691294956841e-01
3.680746728312512261e-01
3.131195896110667287e-01
3.072883298365594595e-01
2.846644404875001699e-01
2.854272400903331008e-01
2.954127104977398721e-01
2.983469400346494549e-01
4.802962267862707635e-01
6.654348637398412869e-01
7.045033599533994106e-01
7.197931993084236701e-01
7.209393872206659726e-01
7.235663451871624519e-01
7.232034860990371739e-01
7.418345561080013084e-01
7.230032102207981648e-01
7.231900398460323620e-01
7.225582534338214069e-01
7.196431850821423115e-01
7.000581646010805015e-01
6.913332660090268922e-01
6.814470398482480595e-01
6.699598412832558081e-01
6.890741468767842548e-01
7.039936421616610485e-01
7.129189018846610049e-01
7.049772899945916382e-01
6.369522724485531251e-01
5.135309637094283008e-01
4.386379742187918596e-01
3.264027337145393726e-01
2.982356409602084923e-01
3.055202316451977596e-01
3.331830800487568522e-01
6.134729275403021376e-01
4.525421819106963395e-01
4.742548004125506922e-01
3.411069589995679996e-01
3.040251291241014009e-01
2.827729379064873316e-01
2.797028552554095548e-01
2.873856778454585981e-01
2.859975499112064057e-01
2.800952394192540162e-01
2.774220299179172566e-01
2.783993265717003562e-01
2.845047654956048833e-01
3.121046779593302234e-01
3.448076431164008859e-01
3.793929831926303176e-01
3.954864040575151174e-01
4.016756464143456107e-01
4.453529220968581726e-01
4.556495623314367749e-01
4.525208913946859868e-01
4.706883167176828531e-01
5.469466506965829922e-01
5.788951495830311211e-01
6.789021012983893488e-01
7.094022027375535000e-01
7.195108827609115743e-01
7.224820467587165229e-01
7.193066852423208868e-01
7.262230356013296140e-01
7.158246335341741373e-01
7.171747092982446725e-01
6.186185675200409628e-01
3.600591373998339173e-01
3.043865609829430330e-01
2.828110828309938207e-01
3.424911757567864479e-01
2.760691168262902062e-01
2.758751613430078797e-01
2.764082860054639101e-01
2.763650258070275423e-01
2.791803844308715643e-01
2.796801263536729532e-01
2.760595268009451431e-01
2.762775016329450106e-01
2.832248126315942693e-01
2.838022148503568376e-01
2.792210470074862894e-01
2.863043968896676894e-01
3.086552782801120220e-01
3.969849357308906090e-01
4.318848691802826822e-01
5.164019163915720689e-01
6.228268399208032324e-01
5.266432076162220755e-01
5.460483343576379989e-01
5.574989783840899049e-01
4.686405327937398502e-01
4.279354561298247539e-01
3.546984528459501962e-01
3.446795568159733425e-01
3.148709693929696574e-01
3.690387045770650021e-01
4.078925326341835134e-01
5.514494515505032890e-01
6.790805331247804499e-01
6.965333504893045369e-01
7.152585557065268551e-01
7.174845826049420783e-01
7.098512299500944200e-01
6.928030970018783652e-01
6.439640405726552164e-01
6.164754423210803136e-01
6.491526293077825027e-01
6.249509275077649306e-01
6.295727436820111045e-01
6.816900220575266012e-01
6.831918898705908738e-01
7.119892581733490156e-01
7.035558469937593928e-01
7.108295267634655579e-01
6.854271933740975209e-01
6.014102576202792205e-01
5.615073917655675206e-01
3.906348085593329134e-01
5.221034488913800509e-01
5.895082582519589609e-01
6.460740150058627007e-01
7.009071253321044193e-01
7.163213679524307320e-01
7.190517799870551618e-01
7.068804824658130315e-01
6.733494785421225703e-01
5.186088723807104062e-01
3.342622595186418577e-01
2.953699854466362851e-01
2.804450415905316296e-01
2.763135856490325226e-01
2.759641508411285749e-01
2.754041994812051475e-01
2.730200382334938558e-01
2.757036861432839436e-01
2.761174111997629077e-01
2.768981249507678211e-01
2.798758491060112652e-01
2.877575921558823691e-01
3.104403426696728530e-01
4.064516303001780018e-01
3.592817528874047150e-01
3.707582033370956376e-01
3.118444443804929689e-01
2.960097879563499124e-01
3.000166830430442966e-01
3.223800945793857675e-01
4.276641171063438329e-01
5.048498937842974543e-01
6.278453485338416629e-01
6.965303016973403150e-01
7.043355896183227660e-01
6.934298503385565304e-01
4.411081360195442391e-01
5.091331125451179496e-01
5.808724266525143731e-01
6.124450362079748578e-01
7.098149689181291189e-01
7.282286025471916835e-01
7.182725500101885263e-01
6.916192540750905060e-01
7.343731256141188268e-01
7.303273471282233364e-01
7.287685384362063701e-01
7.263749273261521644e-01
7.201114753810147207e-01
6.323814548962648496e-01
6.791358199855828115e-01
6.700621278611418319e-01
6.394262371092942487e-01
6.303827198736331461e-01
5.968356894879837116e-01
6.107051792532985912e-01
6.206807255509116938e-01
5.496199863130837304e-01
4.515039443192425672e-01
4.020736947404971451e-01
3.164626701330930381e-01
2.800901123301427487e-01
2.728522301670485151e-01
2.726428397046404273e-01
2.720195211605326846e-01
2.304853013888756574e-01
2.826177003971876989e-01
3.542396987648230855e-01
5.060469933016046307e-01
6.583432644373021780e-01
7.129218276763849005e-01
7.022204438424002326e-01
7.106544316785723403e-01
7.281006015713484825e-01
7.296389106098299937e-01
7.308014450507677173e-01
7.210648515233011313e-01
7.113998778171695125e-01
7.295120782762699596e-01
7.294919236276506957e-01
7.296093517702192388e-01
6.967956214066629572e-01
7.284460455860202188e-01
7.230501651862865087e-01
6.956366639688902342e-01
6.210760311495995278e-01
5.706416231604125588e-01
4.648944904518465537e-01
3.695830677812996234e-01
3.630078184169905353e-01
4.064843950804523098e-01
3.703222958692827249e-01
4.052583770369728167e-01
5.195271833143555451e-01
5.861403996496403757e-01
6.454942639474772204e-01
6.924492916734821257e-01
6.978665905288405913e-01
6.684125972951113770e-01
4.902068420530859560e-01
4.026627975796052139e-01
3.134779565505633747e-01
2.797541551030593987e-01
2.764283965368170559e-01
2.771284241220268729e-01
2.862480365737579691e-01
2.993925423497527660e-01
3.395905640904998135e-01
3.452127033117931010e-01
2.963371099668707376e-01
3.508322105014687331e-01
3.114295327943103486e-01
2.946504464509354104e-01
2.826563076114270712e-01
2.749558901303970071e-01
2.820602177772069674e-01
2.907094910494566475e-01
3.830465624597962915e-01
4.537349323781345034e-01
6.109526142517883729e-01
6.363996776309964742e-01
4.979130032474321510e-01
3.969775416143299651e-01
3.481448607944983564e-01
2.890316466622669944e-01
2.747949370147871329e-01
2.756324579259424312e-01
3.014437673687507258e-01
4.337863547100089257e-01
5.491582887724505424e-01
6.914479490031384401e-01
7.248485662348391756e-01
7.284658449195519081e-01
7.288901032955551473e-01
7.289742672607150142e-01
7.285182459989737458e-01
7.283719859715838130e-01
7.284923751057479357e-01
7.304117353903243348e-01
7.275787697368805151e-01
7.227480822607994515e-01
6.865738984099827302e-01
6.162801678057270305e-01
6.153548122190274361e-01
6.152490869334781287e-01
6.238280647819309799e-01
6.907532142204865222e-01
7.170708895665345306e-01
7.108166531075532646e-01
6.929510527545961196e-01
5.637604418119915861e-01
4.357588065892241680e-01
3.595569370679396193e-01
2.947764881039365847e-01
2.879622496258309461e-01
2.903855451622485706e-01
6.781481397908654118e-01
6.184352732847202549e-01
4.396469115009389306e-01
3.287048046554909009e-01
2.830842446656453570e-01
2.743640269295756773e-01
2.758572077864177574e-01
2.805082934724383859e-01
2.480126538307644291e-01
2.728500870823316049e-01
2.722013107091920681e-01
2.735325617346766047e-01
2.792730162243488579e-01
2.961590788623484349e-01
2.930602415115302062e-01
2.929036086672586747e-01
3.059608290010446541e-01
3.089687355434503346e-01
3.067612430003693880e-01
3.328537457884923056e-01
3.400199400332420407e-01
3.243733365767040855e-01
3.990946366991108274e-01
5.781407368891174903e-01
6.844803984963895305e-01
7.213646827167817799e-01
7.271051571466116137e-01
7.281544826281134419e-01
7.292417197309971622e-01
7.322438724715759628e-01
7.190261242611851733e-01
6.614114965450390571e-01
4.936420515902469885e-01
3.236128206724853684e-01
2.918574087949221685e-01
3.240193960368971116e-01
2.710859324715834684e-01
2.713444226801116632e-01
2.719932004317894281e-01
2.500678103084391091e-01
3.173602021601399925e-01
2.767884658868198233e-01
2.746132487383540211e-01
2.719060099462255464e-01
2.730655618139325447e-01
2.779890638367717437e-01
2.738952364926389715e-01
2.764232696849340254e-01
3.020408366509582665e-01
3.959546574472559977e-01
5.739128048136721283e-01
6.169375095698182987e-01
6.711642730201330398e-01
6.849022009806209343e-01
6.898712413677970945e-01
6.778647048122363739e-01
6.400830291974056729e-01
6.307956856644442167e-01
4.547304929793419270e-01
3.531823948200493724e-01
3.039464841640466819e-01
3.024573187684485021e-01
3.018160592536588416e-01
3.942250004796085672e-01
5.815688872205180271e-01
6.897614161329772564e-01
7.220605653585689954e-01
7.159711402942030567e-01
7.256487528553313693e-01
7.212271689137537134e-01
7.147292800647689903e-01
7.115954196391464093e-01
7.047845005474804303e-01
7.066236501439272510e-01
7.109193183322299880e-01
7.137436077318810579e-01
7.398911329837934980e-01
7.242450904522056421e-01
7.256618584377075853e-01
7.211326852746542393e-01
6.892986438352631806e-01
6.058473708003364600e-01
3.743919380903649730e-01
3.462179900511089259e-01
3.469059255436174327e-01
3.436454724102547820e-01
5.301493480364170008e-01
6.439975816029019917e-01
7.128212636232454935e-01
7.255501380908965237e-01
7.247565630120200719e-01
7.223952533719499858e-01
5.805725114928813602e-01
4.421544800238291217e-01
2.982830893170115294e-01
2.769767628267493786e-01
2.742114058182874570e-01
2.716641599027705967e-01
2.714148703077097213e-01
2.714729669726998473e-01
2.715406787440201586e-01
2.715356054312312306e-01
2.732152836697461784e-01
2.728607264834824186e-01
2.657153455046487589e-01
3.050911680373781798e-01
3.826008317115687229e-01
5.803983632923631619e-01
5.503813258413616794e-01
3.814383847027527086e-01
3.051220804725134905e-01
2.890875223140810801e-01
2.910331443423201381e-01
2.936307861847113343e-01
3.295584486039481731e-01
5.233619864544462041e-01
6.366370300117547565e-01
7.103244858453415800e-01
7.168450629659158801e-01
7.365586302189508494e-01
2.305794214377331619e-01
1.945182644810279915e-01
3.243431681001724409e-01
7.389812631662396880e-01
8.107332988942325125e-01
8.149087416766306324e-01
8.151540251639988188e-01
8.156361407661916196e-01
8.215206728243469314e-01
8.208955297751221458e-01
8.150211640747887509e-01
8.143801082222420495e-01
8.137424500117798054e-01
8.117898419274272026e-01
8.038100511829988637e-01
8.009528357435721224e-01
7.951673468068904960e-01
7.857435924287274887e-01
7.919884123523037722e-01
7.937565886593092035e-01
7.115964989885322778e-01
7.857365104728752936e-01
7.928914354502207829e-01
6.520954098686948530e-01
2.642955974243861306e-01
1.923987626606557255e-01
1.864790457054577577e-01
1.860604385731881583e-01
1.867656213663738130e-01
1.879192376663643693e-01
1.882277496452937904e-01
1.881532859201255348e-01
2.749452926584505241e-01
7.464939644799269969e-01
8.077595573738811652e-01
7.967461598553207125e-01
7.959049229864416652e-01
8.130824394361226837e-01
8.145231104813904777e-01
8.189659917629322772e-01
8.079504340311617350e-01
8.042427804939022984e-01
8.052978426572467985e-01
8.154384915177249615e-01
8.150456433327399886e-01
8.150536800865463283e-01
8.149031168472866682e-01
8.143567976575354361e-01
8.102530479457625834e-01
7.562455168591111221e-01
3.837481841435488872e-01
2.186753749661124735e-01
2.331667947407149999e-01
2.172201649852104899e-01
2.055856411007282447e-01
2.121584957885929990e-01
2.256071334220601243e-01
2.077527182124156990e-01
3.060868572281646993e-01
6.407105919276072648e-01
7.968159382174954120e-01
7.656993051375144965e-01
8.029811237713554428e-01
8.056238080090516451e-01
6.591612742794856761e-01
2.533842656272473071e-01
1.900638683184812383e-01
1.889593312038961859e-01
1.890615268176678299e-01
1.875391514141741545e-01
1.914048954426444682e-01
1.964420170612145022e-01
1.983416381760957359e-01
2.079648160086138564e-01
2.024397835402708401e-01
1.965567080402854661e-01
1.900946198681713606e-01
1.849584122651418139e-01
1.865548401532220180e-01
1.867378702999888673e-01
1.959755482786289249e-01
2.938937539319823045e-01
7.343592331264745532e-01
8.034346111307973937e-01
7.349393399191874732e-01
7.947344057420866470e-01
7.833981637558972144e-01
4.353379667725348345e-01
2.099679045944415068e-01
1.871487032189579347e-01
1.861642125231313949e-01
1.829686980861320589e-01
1.961576233616799669e-01
4.615678968288012829e-01
7.934831490877765070e-01
8.149385182084259993e-01
8.068419625621867652e-01
8.148486537505891247e-01
8.145862179316250007e-01
8.144541214238124605e-01
8.142460929915473766e-01
8.143059714641419644e-01
8.138685388527958642e-01
8.138887182619860550e-01
8.162515218376008574e-01
8.102080894091476804e-01
7.375022898440221075e-01
3.230227530662052593e-01
1.869897242391539705e-01
4.200319916513444163e-01
7.519759043458900116e-01
8.102169274998538562e-01
7.836026385381126280e-01
8.085651340452629787e-01
8.060887962303573406e-01
7.743199050429024899e-01
3.949908317888912168e-01
2.045616289281057265e-01
1.874328093740228185e-01
1.825940371772249993e-01
