3.086840988816841325e-04
-4.642210687582082329e-04
-2.873843200301484657e-03
2.273638208331152377e-03
2.235803839384087333e-02
3.994463304495105005e-02
2.396341516878658373e-02
-1.691594920832728555e-02
-1.035657848577395956e-01
-1.883467504199099474e-01
-2.061193347485528182e-01
-1.197066418862866022e-01
6.429294344653360693e-02
1.945203431724268628e-01
2.005588960305532964e-01
1.230820623706237182e-01
3.348178467063123165e-02
-3.297830773107648938e-02
-1.317884318298100377e-01
-2.012625601494208438e-01
-1.933139952145024321e-01
-9.144600888238416103e-02
4.768075963289927777e-02
1.628960613601460605e-01
2.010469170266823979e-01
1.972462019599560967e-01
1.968234249493815979e-01
2.018350487962896622e-01
1.748461595141732605e-01
8.849443086394442881e-02
1.345411679487701351e-02
-3.252223554335964550e-03
6.274250210295262420e-04
8.468555351382467400e-04
-4.805347944212834399e-04
1.426249032327464583e-04
7.903898496993688738e-04
-4.741349726069543635e-04
-9.283313166914552994e-04
8.237171133481990815e-03
2.556644504128519069e-02
2.053111456862014017e-02
3.292917272533363304e-03
-2.878892889635470409e-03
1.076222549911381998e-03
-8.016862227625820569e-04
-1.456819091538891220e-02
-2.125676002056670066e-02
-7.358514106661884213e-03
-1.568340379956012498e-04
4.405941006303537577e-04
1.729785996433919060e-03
-2.327746702095179199e-03
7.122269689963656170e-04
5.265263300142758451e-02
1.471727189575161021e-01
1.973600658802285024e-01
2.000727398856501638e-01
1.946435773827279170e-01
1.971356646637230092e-01
2.013634736019646598e-01
1.854567087588747942e-01
1.231880550215342929e-01
2.684145678235178023e-02
-7.311124998367543593e-02
-1.625729314126489466e-01
-1.971059211654219989e-01
-2.029821714823142054e-01
-1.805679747012607916e-01
-1.019214181329589075e-01
-1.845871413208732825e-02
7.827116253201038543e-03
-2.534987097644503251e-02
-1.145969500302791155e-01
-1.902301587278260875e-01
-1.954586996606917093e-01
-1.232850371896684338e-01
-2.735466401685213156e-02
5.475540655781291344e-03
-8.241777250906356933e-03
-2.037202546379374146e-02
-1.018564888416029213e-02
2.989494621297050791e-03
1.028979266157908912e-02
5.002160916666054113e-03
-1.525287116744294957e-03
-6.754558618796424607e-04
1.646881234144137451e-04
-4.988645450672568593e-04
-2.011851968500288912e-05
2.515672991320050400e-04
-1.013779914830759132e-04
-1.436268421683983831e-05
4.710087474366631000e-04
1.013983578914939843e-03
-4.053671223157861991e-04
-1.078696699343739684e-03
1.538568031842491024e-04
5.288682580789627607e-05
-4.765696999498025832e-04
1.956338213329467113e-04
5.993274826057159999e-04
-5.565408082092160313e-04
-6.551008027198684802e-03
-9.106964147575807855e-03
-9.700663977830203955e-03
2.121627326405639558e-03
2.825469195273117018e-02
5.004767951809488413e-02
6.773169605609860588e-02
5.086015042478223003e-02
8.299931409342597988e-03
-3.591161102546733264e-02
-6.569590079396189775e-02
-5.275522643989347116e-02
-2.924221153034339826e-02
1.203396593999095376e-03
3.185300738708082835e-02
5.509555568411417248e-02
6.612290422374025867e-02
4.081403067773603510e-02
5.746540369496788703e-03
-3.448307898686611694e-02
-6.307195129609272088e-02
-7.452613516387690540e-02
-7.531946218896939937e-02
-7.559253907379051562e-02
-6.850937829914802157e-02
-4.729736273023715798e-02
-2.530931767087885031e-02
-6.290325524988871209e-03
-1.035458390339139001e-03
-8.530630761510726856e-04
-3.353897739783451293e-04
-6.426145326832166660e-05
-2.622828319621961501e-04
-1.710636622089256598e-04
-6.048190510277162701e-05
-2.233849059438436369e-03
-5.934080716089057406e-03
-5.966415259671009608e-03
-4.343258176093711675e-03
-8.635564054961797353e-04
3.848139970830111167e-05
1.594077544407324076e-04
3.530091269361157469e-03
4.804462117131591548e-03
4.729319643457213784e-03
2.137689834967620994e-03
1.048090511665267233e-04
-6.685723694769551972e-04
-7.552370917911777060e-04
-2.417865901397447947e-03
-1.588834751299994519e-02
-3.797071770733129181e-02
-6.045112690445905712e-02
-7.435272985203439378e-02
-7.564715164032978501e-02
-7.520510080391887286e-02
-7.546052685682141936e-02
-6.986203569737992058e-02
-5.152797130082667487e-02
-2.727848470465227271e-02
1.040084787754802509e-02
4.126001241945403963e-02
6.314678693972577972e-02
7.375392588653709169e-02
6.934711508135854574e-02
5.015781212820269452e-02
2.910291642640563947e-02
8.871239648083339979e-03
1.024331262016187072e-02
3.091990974786154589e-02
5.216248530813044626e-02
6.698965072241078178e-02
5.404928879546883058e-02
3.176471405071934484e-02
1.003357531399945435e-02
3.360693865100572442e-03
4.518900036192041725e-03
4.248678195685501313e-03
1.315020059671434538e-03
-3.272670467574373410e-03
-3.250131497901154187e-03
-2.209665405851324316e-03
-6.301640551962250925e-04
-2.650505413428483337e-04
-1.589054567321390721e-04
-3.901769218017658858e-05
-1.389548489576508672e-04
-1.040744119753522767e-04
1.700872143656217972e-05
-2.474409317843040412e-05
1.652514357682322022e-04
1.323533746457827842e-03
1.820561214644772496e-03
1.312168768475452385e-03
4.845277606497222500e-04
3.848621092499282526e-04
2.592416726144852746e-04
-1.777177214075942313e-03
-5.082201919984763450e-04
2.153916750934237179e-03
2.764374283042714264e-03
6.377504539294975849e-04
-3.675639242643358173e-03
-1.657809351293762501e-02
-3.048316102236792169e-02
-3.583026315883641733e-02
-3.156972850043848755e-02
-1.579547058093794254e-02
-2.354616134095960378e-03
6.410137688550004986e-03
2.068881982144121778e-02
3.123299133604198752e-02
2.591253709750929168e-02
-1.077358805160522071e-03
-2.528132136360478066e-02
-3.049898414795823576e-02
-2.634645755852488280e-02
-1.544130767267987148e-02
5.878228357721337893e-04
1.892127087926498419e-02
3.946305316942158581e-02
5.955317330896631178e-02
6.784305800503290240e-02
6.074912103382701378e-02
4.581901423494716408e-02
3.514797175790101980e-02
3.014910865629466530e-02
1.637486160404916236e-02
2.871663763689968896e-03
-3.086589365622338654e-04
9.488865747703245646e-04
7.853580365224099857e-04
-4.110421902686622886e-05
-9.897891879845355234e-05
1.896832992002828178e-03
4.592009687525350214e-03
3.080507324650760825e-03
5.577280478748225523e-04
3.224949063208387701e-03
4.379210340153955050e-03
2.555205008080152496e-04
-4.294701388441873879e-03
-3.607236716974243640e-03
-4.718664272121142478e-04
-2.386900848946771347e-03
-3.424312646226446155e-03
1.274335266377435438e-04
2.610911223585588026e-04
1.644521814208599331e-04
1.094401334452360652e-02
2.615075336152916652e-02
3.278291473679142976e-02
4.086440994323897735e-02
5.592376684996189229e-02
6.550004953026028476e-02
6.615484614031594268e-02
5.918904517983814006e-02
5.194368395478859979e-02
3.735814262255615636e-02
1.799833200254744026e-02
-5.768165704398225957e-03
-2.488546217219703149e-02
-4.475032111028939830e-02
-5.544343441703741826e-02
-4.693417355425966164e-02
-3.548655155907698422e-02
-3.063869655623779886e-02
-2.728601443841860430e-02
-2.737199235856102586e-02
-3.287172452253084298e-02
-3.691704169794376988e-02
-3.828072050650588309e-02
-3.549118036677051391e-02
-3.485119895194435657e-02
-2.794552727365237632e-02
-1.258942288500258799e-02
-2.353757342607898373e-03
-1.613621282961330561e-03
-2.739838534811245285e-03
-2.204419837783189173e-03
-3.610495117750689431e-05
2.318346827781425645e-03
7.386610333058596378e-04
-8.626040348074237585e-04
9.786101522460399771e-05
2.979036980439719873e-04
-2.619577710803178139e-04
6.964904307654729010e-05
2.142097851356994376e-04
2.011688988216575602e-04
-1.743380784402503991e-05
-9.087729593138804685e-04
-8.539091894066430655e-04
-7.272724836666077941e-04
-8.134442921663431747e-04
-2.883294587529006137e-04
-5.771365961699803648e-04
1.027866435558327796e-03
6.689446636633511467e-04
-2.368241826007366768e-04
-2.640412896450505809e-04
-1.710039941075963688e-03
-2.833141477654732565e-03
5.298429792618380985e-03
1.045808849758328440e-02
2.168360056995780050e-02
2.765511234762590975e-02
2.362714609424920731e-02
1.563188543327054258e-02
-6.749416203750746579e-03
-1.865763242145179746e-02
-2.291810028841481661e-02
-1.958340139673742097e-02
-4.812229141822610412e-03
5.541322397262848920e-03
2.055855887216312405e-02
2.434873226980155403e-02
2.045645102710350050e-02
9.588921296454167020e-03
-8.226536196915545940e-03
-2.606210261688202134e-02
-3.541885639679312470e-02
-4.157655322578671098e-02
-4.124766244854896624e-02
-3.807540823053434664e-02
-3.337795680584768054e-02
-2.160127896050251239e-02
-1.106134923361734579e-02
-6.306065539922911523e-03
-2.082980755481939061e-03
-6.625034986726952013e-04
-6.560400712123937161e-04
-2.588292901604671847e-04
-1.168551981915455507e-04
-6.566092363526621067e-04
-1.152464466376540431e-03
-1.605250230765437047e-03
-3.442586272249248402e-03
-2.342515654849774975e-03
-1.392373065035035218e-03
-1.189702526593949816e-03
5.934164582701573210e-04
9.412152412928143086e-04
1.348049410557161654e-03
2.944242822255693781e-03
1.177104103326193085e-03
3.922593380437655597e-04
-1.571880922415502813e-04
-9.611557959066374668e-04
-4.324351749819405066e-03
-8.782233419787260909e-03
-1.566418461352436786e-02
-2.943069485638261096e-02
-3.620151477917826766e-02
-4.051059894248179583e-02
-4.335983421265865445e-02
-4.095219099139016383e-02
-3.659273278350194669e-02
-3.312780219863140085e-02
-1.980824670280023625e-02
-3.028575628384377882e-03
1.012911211130512745e-02
2.792443735462088461e-02
3.474120719295847870e-02
3.510790671735175561e-02
3.316055152472546785e-02
2.306746271373741330e-02
1.436087450693301903e-02
1.411192179763798293e-02
1.479755313112079973e-02
2.435975774176668551e-02
3.005588189356944717e-02
2.951885324775269104e-02
2.466491084403574230e-02
1.378555779699497386e-02
8.758748042606456785e-03
4.578656201211783738e-03
2.910135099498500910e-03
8.143384720101509711e-04
8.436113051041305155e-05
-1.368434839897764155e-03
-1.743170443684272097e-03
-1.043152767195298924e-03
-8.580054406221448993e-04
-3.430775004071295875e-04
-4.288390403034969545e-04
-2.808039640613269050e-04
-5.415158820515353355e-05
-1.579858087339958139e-04
-7.918166822612482392e-05
3.892128046739107283e-04
6.880167703510187138e-04
9.784934732439132254e-04
1.398889687670268334e-03
1.219919359841392659e-03
7.723737665321639412e-04
7.255297340499344827e-04
-1.089441629373189002e-03
-7.166095792564552980e-04
-1.998497017101363848e-03
-1.913465806164083016e-03
-1.401845122556644174e-03
-3.583547668370767880e-03
-7.112228049630575644e-03
-1.011412628488386756e-02
-1.471770449443510209e-02
-1.712423859174982965e-02
-1.694591048752885909e-02
-1.159919587337590596e-02
2.542279147884740631e-03
1.299733961079638234e-02
1.291047175837164995e-02
6.183744358644688299e-03
1.182851109309296378e-03
-7.619081301480090662e-04
-8.363744620189156320e-03
-1.423949896870363441e-02
-1.134056306847583406e-02
-2.859742517455021726e-03
8.618431182804864310e-03
2.127447628987627626e-02
2.729047077250409958e-02
2.858252366885191686e-02
2.904766230294367202e-02
3.021805550644551808e-02
2.756053911969205683e-02
1.705707811335499535e-02
8.497394643304956308e-03
6.970369428980993654e-03
4.381081482783266701e-03
1.244103322006862022e-03
2.708713661539463580e-04
5.630015601011950643e-04
9.046741164077665154e-04
1.143361058347280856e-03
4.935191030847607685e-04
5.517855252634151775e-04
2.931046465508568843e-03
2.656830860079451018e-03
-9.176089739820758595e-05
-8.208212111054380422e-04
5.717340928244607490e-04
4.692239938825781831e-04
-2.189147311451006273e-03
-2.588408167323752451e-03
2.616217734635606362e-04
-2.670801907633801875e-06
-6.840210527739309931e-04
3.645737575606267100e-03
6.699168879300554380e-03
6.762535255650348187e-03
1.314610093171408867e-02
2.413914312850662380e-02
2.893394095051543546e-02
2.958261349116186878e-02
3.138417360174805548e-02
3.153215472007933617e-02
2.937525022531106700e-02
2.336634378953653113e-02
1.514467863560436944e-02
4.928383328358154625e-03
-8.227312904422329209e-03
-1.828195212734920472e-02
-2.045874362960534154e-02
-2.395593366233925159e-02
-2.572538333533291866e-02
-1.955111509136242542e-02
-1.378259395458877878e-02
-1.381217078552193778e-02
-1.510695568162398472e-02
-1.868320768605696847e-02
-2.257803245638764778e-02
-2.374968975140656635e-02
-1.915166777675683663e-02
-1.056179537635917876e-02
-7.729600094149330358e-03
-7.826992153564110710e-03
-4.835400300381792471e-03
-1.473806382051578989e-03
1.489542019420531105e-04
1.161526511034488562e-03
2.275313749078577974e-04
5.258461381635326504e-06
1.203299108753164148e-03
5.779818068297748468e-04
-2.917463764245120661e-04
3.633417034222263808e-04
3.107701741411894591e-04
-5.064790622696935252e-05
9.184529862688028956e-05
-2.747247451533041396e-04
-3.528113186399006729e-04
-3.798719001305572718e-04
-1.136269795549926798e-03
-9.704703967770567097e-04
-9.149299907925123598e-04
-1.736952434082006391e-03
1.016007286731873682e-03
1.513722711557974332e-03
1.225652552741290924e-03
6.233703322350292453e-05
1.856621124543711421e-03
2.347782128399977797e-03
5.538804642669481471e-03
1.080214915496613415e-02
1.250838759212841156e-02
1.545006119835357072e-02
9.879028379716270347e-03
2.550821312253759299e-03
-3.998865919472960329e-03
-1.145673424468973689e-02
-8.740879712911708843e-03
-5.842277816050234218e-03
1.381759886671662940e-04
6.362920592587251178e-03
9.289196879678496277e-03
1.176893797986844348e-02
5.612385420729726349e-03
-2.595074825855220313e-03
-1.020678553266018973e-02
-1.853681771486659358e-02
-2.337708423606899011e-02
-2.363081798804145262e-02
-2.459762571796503261e-02
-2.201892096168678314e-02
-1.603197283122309580e-02
-1.214827988435682182e-02
-6.283346238594111899e-03
-3.140215878279284389e-03
-2.093326283197083360e-03
-9.508874157284907813e-04
-4.067904330030402971e-04
-5.389049660709799294e-04
-5.686030947698594851e-04
-3.761719882861003228e-04
-1.068623670005874882e-03
-1.500387478807013730e-03
-1.320516907072327717e-03
-1.622368830742959567e-03
-3.890136814182487690e-04
-2.691535497515440412e-04
-4.707940482309713737e-04
1.099414377441820800e-03
8.602053429779821236e-04
7.319577495058515737e-04
6.810793828080086154e-04
-1.926715025688252592e-04
-1.611314042752165498e-03
-2.628393184873262234e-03
-4.127475943793756930e-03
-9.715287702821207017e-03
-1.416618841142655572e-02
-1.872956822686602796e-02
-2.398779854833377190e-02
-2.417915493770339541e-02
-2.433754141321523012e-02
-2.357360575244690781e-02
-2.057411273352788283e-02
-1.380690828699318584e-02
-8.440289635346487351e-03
2.859735875533619964e-03
1.067017136155462564e-02
1.534383987188644993e-02
2.037014125152436517e-02
1.975854061381601690e-02
1.584025861870733132e-02
1.380202681921441354e-02
9.703318018955631175e-03
1.024790909642805947e-02
1.298999027989639066e-02
1.465514867921541287e-02
1.820648870680244280e-02
1.509467596872124395e-02
1.140975862701795740e-02
7.676246792077734415e-03
4.458384554141936462e-03
2.711206523967113480e-03
1.597825831112426043e-03
3.377851819625909968e-04
-1.134225031194868727e-03
-1.242005178495153572e-03
-1.215091162427073268e-03
-9.377641930981006624e-04
-1.057148879235025873e-03
-7.318787363730372419e-04
-3.116168922266404628e-04
-5.047681864553954512e-04
-3.425288810479099055e-04
1.234275103978998978e-04
9.206367478753474387e-05
1.723075160020015595e-04
9.351732778538623947e-04
1.201966945879873183e-03
1.006210993408862553e-03
1.304075080826222477e-03
1.433210851534250097e-03
1.143286222678119302e-03
-2.584765917936049373e-03
-2.178617487239464801e-03
-1.718527201360231516e-03
-3.004992109023385538e-03
-3.403595515151569550e-03
-3.968492121204758583e-03
-6.575877456087869666e-03
-8.558287789741603202e-03
-9.969652423627711757e-03
-9.841368158150648471e-03
-5.654477132528423766e-03
-1.889118219168539614e-03
4.227317004780184462e-04
3.263684227697322138e-03
5.241290836940692976e-03
4.470197797327296607e-03
-6.654431069253730069e-04
-4.538453649428703107e-03
-4.142492411651155226e-03
-3.606737088272360392e-03
-1.684180726530593031e-03
3.598769240633736821e-03
8.622743981070851715e-03
1.281991090942730116e-02
1.726745131670076594e-02
1.941805384984532368e-02
1.871083155515615437e-02
1.540035070906076164e-02
1.264169069820314517e-02
1.122321010810506392e-02
6.872357745485058178e-03
2.885350710626122250e-03
2.295145148104082988e-03
1.859155813633217580e-03
8.172287665635380449e-04
5.506180822911765915e-04
3.552835462457548665e-04
4.882360555207299058e-04
1.310615394873815287e-03
1.075306700556222239e-03
1.806238731427434185e-04
7.651096357891851163e-04
1.234102381888396716e-03
2.377644226504160851e-04
-1.074620105814216853e-03
-6.940190270012802642e-04
3.517253972256662031e-04
-6.864421734366077388e-04
-1.081245190963975311e-03
1.389500967153289857e-03
2.167277328202210640e-03
1.494741073140182230e-03
5.307997676777698182e-03
9.710780369400540124e-03
1.101560286485525619e-02
1.387631188200388888e-02
1.748700933651656242e-02
1.885652767736539781e-02
1.890434944663765826e-02
1.685879954594868280e-02
1.469367842556951187e-02
1.157494761676605699e-02
4.884143901709769864e-03
-9.077920835335318017e-04
-4.532445414692276575e-03
-1.067670154895936085e-02
-1.426517332085763812e-02
-1.222293680561975515e-02
-1.120054493677202778e-02
-1.172480244630544344e-02
-9.912280461275069232e-03
-9.585218481723917217e-03
-1.097559574235212887e-02
-1.222893290686732914e-02
-1.178645350900178745e-02
-1.041295762681568315e-02
-9.856140863681611686e-03
-8.247651688881973975e-03
-4.124943068326836215e-03
-2.148128965221651754e-03
-1.837958198141365074e-03
-2.896711070781987640e-04
2.533949240998978336e-04
8.827948794715434477e-04
1.860816553038741050e-03
9.629544734375272697e-04
2.614969194431882027e-04
1.120645886456578255e-03
6.439865942106104413e-04
5.767337432571739697e-06
4.254787306946505865e-04
7.717663839679200777e-05
-1.621622585822046769e-04
-1.028454078218499212e-04
-8.022816922789999250e-04
-8.602297832908112341e-04
-8.160774814985338743e-04
-1.608624861126284333e-03
-1.386271887835577310e-03
-1.391373018598152100e-03
2.256224038415466371e-03
1.786478426324566993e-03
1.412773361926189519e-03
2.308759607243360268e-03
2.147797852523003481e-03
1.959554543273178684e-03
4.547774434766449492e-03
5.330215564613771662e-03
7.984130844431114316e-03
8.288425617419714619e-03
6.633236350362503586e-03
5.465511226349084595e-03
-8.413680565367842590e-04
-3.029748774801610534e-03
-4.086978321605760911e-03
-4.369580094313874064e-03
-8.044022020761709690e-04
9.329760557175714730e-04
4.349348848934841971e-03
4.530448827104460729e-03
2.420996998959423774e-03
3.470358943493678794e-04
-5.141232421552677234e-03
-1.035453224205531986e-02
-1.253754686720590095e-02
-1.553158979186516908e-02
-1.617265548639537642e-02
-1.416355544120684318e-02
-1.348237267039259502e-02
-9.848420415988545784e-03
-6.133216243879496821e-03
-4.822240958713253089e-03
-2.334717685903819895e-03
-1.272723826714727835e-03
-1.078537451676381265e-03
-5.631957467582271448e-04
-3.383301032127694619e-04
-5.413140303922592267e-04
-6.281676900163346566e-04
-5.959429707987073943e-04
-1.214917173213370116e-03
-7.186213205144231786e-04
-6.179415023398471263e-04
-7.661027275266962810e-04
2.353274403126270897e-04
1.101949893345666176e-04
2.328162442299941404e-05
8.540628737606914545e-04
1.218650397961373866e-04
-5.386815587918314385e-04
-6.713521357127605338e-04
-1.383382948070638330e-03
-3.851939824697225845e-03
-5.199834515425577619e-03
-7.064278004552615453e-03
-1.213927473240350441e-02
-1.346645295871698456e-02
-1.428187183641757563e-02
-1.634036749014627921e-02
-1.495256567022831828e-02
-1.264973896919191487e-02
-1.156953928642695528e-02
-6.237994863522972055e-03
-9.905910783971627609e-04
2.107672336949639735e-03
8.599074274352941361e-03
1.070870095243511844e-02
1.055374152315122216e-02
1.166759934914007868e-02
9.589714776242930228e-03
7.854975070387154590e-03
8.059377922645161174e-03
7.289730687129597486e-03
9.818445885065973933e-03
9.738665841652394128e-03
9.264591475252714758e-03
9.053199410863993490e-03
5.804011899633865212e-03
3.901267575058819936e-03
2.642891212224218744e-03
1.327343247210843735e-03
-1.257376844648327996e-04
-6.039259413103126306e-04
-1.123151608047379124e-03
-1.594029467551660861e-03
-1.624684456656977360e-03
-1.294651600927732016e-03
-8.743717688689534029e-04
-1.189306818209501238e-03
-8.388278969932438933e-04
-2.086037136721508034e-04
-3.560484700422250626e-04
-2.119064345509902303e-04
5.176355226136353238e-04
5.648828401377259389e-04
6.027365090775504974e-04
1.494847288139006247e-03
1.671520216519811752e-03
1.219841953009975777e-03
1.661129135821698410e-03
-2.389240663184966085e-03
-2.066260885896231692e-03
-3.272769962122223930e-03
-2.943449675227249873e-03
-2.720272237706877760e-03
-4.166596785277282278e-03
-4.591078598309566994e-03
-5.293939160117028253e-03
-6.519867162488646173e-03
-5.731056928246380799e-03
-5.161541054122753547e-03
-4.121847088453312047e-03
-8.173576933982185100e-04
1.585172941736157082e-03
2.070064800575532882e-03
1.010337887460660555e-03
1.674229618748024340e-04
2.414739386440711844e-04
-1.527228819308057428e-03
-2.404034761328444070e-03
-3.446987422210945340e-04
1.843443053626159234e-03
4.278796795469247405e-03
8.083750196466621407e-03
1.049030759762531462e-02
1.134871321866551264e-02
1.191596355760868309e-02
1.190249231219883685e-02
1.117084508878554705e-02
8.124244566435900872e-03
5.347974964178492385e-03
4.752636321157854837e-03
3.138997764627005083e-03
1.320351864128377350e-03
1.046212424110654071e-03
8.654767404237262429e-04
4.672772476524977847e-04
6.813603131847756345e-04
5.220145181970559101e-04
2.184729882939162593e-04
8.893390282031510274e-04
9.430192423562910875e-04
2.053976552527092547e-04
-5.984939511655129607e-05
2.654895959414149686e-04
3.066479472017547003e-04
-5.892368867392860921e-04
-7.275236965085252194e-04
6.858330921116206902e-04
6.256733964333238696e-04
-6.521689711991296434e-06
2.430331436950095014e-03
4.094444910831329665e-03
3.834246215577763461e-03
6.559872282673961941e-03
9.360468604906635459e-03
1.009819637097683631e-02
1.118891871018434792e-02
1.137858775257324928e-02
1.094157159741421248e-02
1.049527305428532564e-02
7.127535448471666868e-03
4.773168335958255515e-03
2.689024795563155212e-03
-2.251603265900264939e-03
-5.394552468592245242e-03
-5.192688604347517334e-03
-7.630857508945432244e-03
-8.664472074326773354e-03
-6.421112355094515944e-03
-6.418928590934736000e-03
-7.130270147334860642e-03
-6.992486452451096568e-03
-7.482862730949391139e-03
-7.443579205608757965e-03
-7.681143155603115114e-03
-7.005593268417431574e-03
-4.374090550650577836e-03
-3.429146586048648082e-03
-3.046290012364283317e-03
-7.598081764644548652e-04
1.544760200004602346e-04
6.186029163047779278e-04
1.867688290137170526e-03
1.465461097065745566e-03
1.399210231213227074e-03
1.992584856843504504e-03
1.197653445894814039e-03
5.531931948640766983e-04
1.108026958602265077e-03
5.206677577848650706e-04
5.795400611965928483e-05
3.232210323077244762e-04
-3.046090053463457181e-04
-5.157022778785047556e-04
-4.677161023602938172e-04
-1.390047866563770551e-03
-1.504432353392093358e-03
-1.403932081733283432e-03
-2.424842741927862866e-03
2.199339547886924873e-03
3.084165545372136163e-03
2.576532389888946950e-03
1.905798624813742626e-03
3.102870797978773965e-03
3.434451151539619218e-03
4.070527370923060495e-03
4.989532565915499873e-03
5.186775561716927552e-03
6.128654086241441812e-03
3.322675741071701161e-03
1.551930851647065346e-03
5.527901348218455801e-04
-2.458878398061636883e-03
-1.756531294709484659e-03
-1.233007951508435784e-03
1.789709380789483717e-05
1.280856062694735176e-03
1.334144647822332885e-03
2.011150549280582567e-03
-3.604181596709166158e-04
-3.427383350030566156e-03
-4.993569084135396352e-03
-8.051837229399033680e-03
-1.057197388367575597e-02
-1.013932480907459022e-02
-1.130726486192384916e-02
-1.035248962795706773e-02
-7.775144597117839007e-03
-7.041594277975793403e-03
-4.534809326259409135e-03
-2.606441111000223909e-03
-2.219583743932246334e-03
-1.227615427069062015e-03
-5.922379083678208644e-04
-6.327131140722030977e-04
-5.297209435792815668e-04
-3.382133279439814011e-04
-6.433906204041384136e-04
-5.943207174389508740e-04
-5.443080837163605246e-04
-8.621569832701070357e-04
-2.309933531878805013e-04
-3.364389704087755728e-04
-3.526737038140603797e-04
4.012979557957152554e-04
-2.723822290323640871e-05
-2.700766871016613280e-04
1.592412196447512418e-04
-5.726069460813554279e-04
-1.872718308364273998e-03
-1.935806624947966625e-03
-2.720286249683928625e-03
-5.899882490666169543e-03
-6.651222823787272809e-03
-7.595929830628012080e-03
-1.050823102808676190e-02
-1.005755769001728805e-02
-9.432836741725264540e-03
-9.771456532373934412e-03
-7.618427152259965585e-03
-4.702971173734776800e-03
-3.563563274027986560e-03
1.218886651560974199e-03
3.756587246291992477e-03
4.641257164830714377e-03
7.129176156181277202e-03
7.360655231937018872e-03
5.834705413783169980e-03
6.302825448062682190e-03
5.304805874928875120e-03
5.858788254605618029e-03
6.231593973464538694e-03
5.852318190513239315e-03
7.193046174391620751e-03
5.726554415283385824e-03
4.369569270446099774e-03
3.794561210692937170e-03
2.038230270348911910e-03
6.421379637003288288e-04
1.390616481854456410e-04
-6.651086200645806024e-04
-1.805400280353586240e-03
-2.122328574195808670e-03
-1.835328896145960176e-03
-1.776270206788554962e-03
-2.180575522921862630e-03
-1.545798260407738045e-03
-7.843239547745683993e-04
-1.151499912879383469e-03
-9.119312910856325338e-04
1.146985589115523396e-04
-2.493425496263856900e-05
7.193346416201062965e-05
1.121539030155438432e-03
1.261591209528900581e-03
1.075462970275387065e-03
2.172317673403451055e-03
2.536523335697926651e-03
1.920723681733793597e-03
-3.584405793405298635e-03
-3.158655496126094864e-03
-2.613601314745750415e-03
-3.910840787999192436e-03
-3.446676024525752169e-03
-3.524038839246734778e-03
-4.750383444913075515e-03
-4.405063420860610979e-03
-4.695752470017217073e-03
-4.713329697251994466e-03
-2.814902916338624106e-03
-1.721283571936960133e-03
-7.315523127582046481e-04
2.248012569975033070e-04
7.630894934244625283e-04
9.534356414789835199e-04
-1.771357625552361093e-04
-8.454602123395826840e-04
-9.795749587115931689e-05
1.279588923243646370e-04
7.404248158685566850e-04
3.199830586999186099e-03
4.981187901937356166e-03
6.101705440870519581e-03
8.035974339307416781e-03
9.074386940535222879e-03
9.245625302245291666e-03
8.465163752901155858e-03
7.079108873633777055e-03
6.434237263135467177e-03
4.460089434211444992e-03
2.517982370597138253e-03
2.251361961524006583e-03
1.527388334738644105e-03
6.730943496083829913e-04
6.852387298293960427e-04
5.223051665347866468e-04
2.212676100123434075e-04
5.945138601721744465e-04
6.164594247866084231e-04
1.701117095356252662e-04
4.114688623959306124e-04
5.562031449150572904e-04
3.270506793864869088e-04
-1.358993846819478435e-04
-1.762359055991202794e-04
4.019629549261716228e-04
8.046601568179045927e-05
-3.269304955016982817e-04
1.190035498926766966e-03
1.869177043318792641e-03
1.158513192308918693e-03
3.500782753255299307e-03
4.897072496726606605e-03
4.795204517353462981e-03
6.536018129170650948e-03
7.307549602793339538e-03
7.180570577079076200e-03
7.793272938191098120e-03
6.330162349299811586e-03
4.989819277192442115e-03
4.653712955471234203e-03
1.498197556428937371e-03
-4.486664780108395867e-04
-8.612036523811261723e-04
-3.650421670853110090e-03
-5.000067717785938726e-03
-4.145781597374387228e-03
-4.891866142156531261e-03
-5.438660847169846102e-03
-4.493193121063887574e-03
-4.812691889483300400e-03
-5.120021476044844810e-03
-5.186343750043481693e-03
-5.311003546212084148e-03
-4.146928956165946145e-03
-3.808592805880695042e-03
-3.408268063085501121e-03
-1.313872982758534924e-03
-4.965555986975733749e-04
-1.264133695145219782e-04
1.814409175540820929e-03
1.757916105352697045e-03
2.263056841139032827e-03
3.078541491249392470e-03
2.181719443542395886e-03
1.747584113324596178e-03
2.147331804806223987e-03
1.312243947444807768e-03
6.075691167635732803e-04
1.000520739848714813e-03
2.065817897712596274e-04
-1.205707835493785574e-04
3.200240803435949744e-05
-8.940576062870519980e-04
-1.205070702951671624e-03
-1.081515596668997103e-03
-2.384087576217719384e-03
-2.487018289052234099e-03
-2.147495146794464738e-03
3.898526592904960619e-03
2.855430100699968277e-03
2.523950442896355506e-03
3.660632509427719228e-03
3.516721852042992147e-03
2.632740040644371282e-03
3.338341079858808680e-03
4.145111774983389896e-03
4.850297520367058413e-03
3.570895878842794691e-03
3.153682287260095585e-03
3.312607930405331302e-03
2.441945002528145281e-04
-3.747054456320619842e-04
-3.103423193905885391e-04
-1.028977524545060529e-03
-3.354206350943966797e-04
1.579471972512624944e-05
9.918655628315675710e-04
2.746567586219272883e-04
-9.743664116547701148e-04
-1.228086360933688947e-03
-3.846771453867914303e-03
-6.291006427608325513e-03
-6.595241437642895832e-03
-8.336993929822539284e-03
-9.078797058155563260e-03
-7.955233363654723444e-03
-8.183027218641281131e-03
-6.453903057363818974e-03
-4.240595821940251753e-03
-3.911502199893918119e-03
-2.447478259970853331e-03
-1.177052660843447285e-03
-1.080909277313746308e-03
-7.802904581711567200e-04
-3.711109589458749802e-04
-4.413727305932757528e-04
-4.510204420243857371e-04
-3.987161468199107439e-04
-6.700853437883180774e-04
-3.990000035691276814e-04
-4.980166462979773723e-04
-6.167699374986512773e-04
1.501392006603152751e-05
-2.769923120140849182e-04
-3.234272856001974006e-04
3.149624246924775939e-04
-3.909555530434150050e-04
-1.011870609891107886e-03
-5.436563971447649912e-04
-1.357743535206040741e-03
-3.355876263102630652e-03
-3.061832949088266753e-03
-3.584842892669692915e-03
-6.653298905298699051e-03
-6.483904881568774980e-03
-6.125156131587539132e-03
-7.532973229518014069e-03
-6.508929456257667168e-03
-5.125397384955210356e-03
-4.879201563613211334e-03
-2.045629354375633202e-03
-2.668060608705946635e-04
4.051196023308056837e-04
3.774804893367955660e-03
4.513393927002784523e-03
3.893581387606342981e-03
5.195212582945779589e-03
4.395050347159812354e-03
4.386250552929016333e-03
4.356574326756901261e-03
3.927667874310286633e-03
5.155937067946037011e-03
4.473470231572462819e-03
3.775685565448494430e-03
4.260330440550158526e-03
2.560315490764242252e-03
1.300551726048926326e-03
1.050210965720221878e-03
-1.434648566017715510e-04
-1.673795578896353220e-03
-2.078850282722088938e-03
-2.264778966981545461e-03
-3.039649171670266714e-03
-3.428486599628355336e-03
-2.479355176804143301e-03
-1.828391130211715065e-03
-2.420297418948891277e-03
-1.826679446440160337e-03
-5.671906055730868701e-04
-8.283732256175180275e-04
-5.828993924783532066e-04
5.954607060831840215e-04
5.817453257886961993e-04
6.213121373254693047e-04
2.070825040784984861e-03
2.447279815165570582e-03
1.812903739078414178e-03
3.030296535203341746e-03
-3.857582187243191463e-03
-3.125908660156828667e-03
-4.303779000339125194e-03
-3.439661896702805866e-03
-3.103827796555547192e-03
-4.379733366238203196e-03
-3.692614697627660814e-03
-3.951496539809834507e-03
-4.963913491856319915e-03
-3.329914944607353933e-03
-3.065507538738659887e-03
-2.610096579982235099e-03
-9.855305972732708586e-04
-2.960741875923933453e-04
1.404147508068942507e-04
1.168382710244331157e-04
-2.381123910771831831e-05
4.253917339682722343e-04
2.006005958066214845e-05
-1.134479048936209988e-04
1.237003169231615241e-03
2.169975704957971541e-03
2.976584777270474547e-03
5.025947566459465499e-03
6.277887934149795068e-03
6.695541349303973933e-03
7.866356100098254034e-03
7.810950093165097696e-03
7.607794852868388080e-03
6.186774813446482835e-03
4.274097823651346051e-03
3.716105622743576253e-03
2.460436218421652166e-03
1.220048950446084302e-03
1.144925817157027570e-03
7.882227479069081610e-04
2.874564831806813991e-04
4.771026241407461121e-04
4.441882854178680340e-04
1.351114099034100846e-04
4.739873870109878595e-04
5.657150598925020368e-04
3.032305191587036930e-04
2.816539261014661122e-04
1.910833805736644742e-04
3.541716074680900661e-04
6.306433653607834700e-05
-2.074891200086748100e-04
6.156314427540610090e-04
8.978326768334099484e-04
2.647495808247302129e-04
1.978487712105847507e-03
2.853275239003805197e-03
2.166837695392637153e-03
4.088735441196950093e-03
4.524941995525333382e-03
4.286341996867226722e-03
5.399592620571269652e-03
4.847267404820498893e-03
4.056198200910632323e-03
4.653130867237259549e-03
2.475118571876822049e-03
1.216793342063815508e-03
1.415840938878698552e-03
-1.286294050436342928e-03
-2.366746386305296213e-03
-1.878150974128578454e-03
-3.394383886239082937e-03
-3.862562088227772250e-03
-2.685729226429178773e-03
-3.493574225288675894e-03
-3.853194345614541216e-03
-3.413630553279700663e-03
-3.967788513055597877e-03
-3.421702605499621352e-03
-3.331948000177165081e-03
-3.308418362921339284e-03
-1.789832640096661320e-03
-1.309176277569490399e-03
-1.005661103178456806e-03
1.224367317133323585e-03
1.772378051983214409e-03
2.348501188746521251e-03
4.050481186635923603e-03
3.652993046135755151e-03
3.528405902762821178e-03
3.727094596065738674e-03
2.722264881578007056e-03
1.803505829821139272e-03
2.142492780639521088e-03
1.027628214775033744e-03
5.081966043903873853e-04
6.918241692739635074e-04
-2.938632781054606458e-04
-6.580010098685695752e-04
-5.632956067033179082e-04
-1.838386336144526290e-03
-2.395035269935397171e-03
-2.224130208015290266e-03
-3.868995638324490560e-03
3.796132203707114350e-03
5.277798624886309575e-03
3.998776849357787988e-03
2.581217177165001653e-03
3.601452215532957579e-03
4.497954294333417202e-03
3.719222793686693951e-03
3.152400290655360537e-03
3.977421759244481603e-03
4.408763104159052482e-03
1.678202855831173457e-03
1.007768166333022908e-03
1.490458804576599849e-03
-3.675332034663303382e-04
-5.647921807866995714e-04
-1.356278220368545284e-04
4.884590553594359008e-05
-1.692038588505806462e-04
-3.632349338188456400e-04
1.202556081676964261e-04
-1.715579659453736472e-03
-3.574356855278348899e-03
-3.663919656649528012e-03
-5.734306293554480849e-03
-7.414379946883764561e-03
-7.094720062040926756e-03
-8.236512229560233322e-03
-7.788295568433162286e-03
-6.204157725324760397e-03
-6.136377558707634128e-03
-4.286920306313612983e-03
-2.264196900547077451e-03
-2.118228018705592408e-03
-1.466531725279579534e-03
-6.129218437322114799e-04
-4.964180938586137959e-04
-5.139732647471695337e-04
-3.100313268228349628e-04
-4.231161519069326360e-04
-3.869648867829422745e-04
-4.872996201594481658e-04
-6.536201228098947880e-04
-2.596498388074686137e-04
-4.832089789024718307e-04
-4.749072673665144517e-04
6.198403633342342012e-05
-4.849652940179249860e-04
-5.695749988672560438e-04
8.718512712185821911e-05
-1.092444215373911121e-03
-2.280477350334791931e-03
-1.264256073096242661e-03
-1.909585429272664392e-03
-4.689435724181512111e-03
-3.908874736742590228e-03
-3.498908677794704269e-03
-5.712072093708109310e-03
-5.239941340930809321e-03
-4.179381910535184819e-03
-4.398323254627578560e-03
-3.093689957029854831e-03
-2.000235050963139471e-03
-1.435628281165057807e-03
1.363330827396258549e-03
1.926233905336194319e-03
1.656085708477528229e-03
3.821287351743918315e-03
4.070384227250506415e-03
3.115564611327226174e-03
3.395744206360074013e-03
3.291632805914518345e-03
3.929047650521766410e-03
3.419391462117671310e-03
2.887777928223644874e-03
4.004711674697070123e-03
2.763415082125075806e-03
1.707059875437066943e-03
1.962235671460338393e-03
4.341442613434998155e-04
-1.157866664602991147e-03
-1.436501871741269198e-03
-2.429140416961766968e-03
-4.083712494470842502e-03
-4.785318200085403317e-03
-3.904518235936932369e-03
-3.838555958783573807e-03
-4.515411295981291984e-03
-3.266347185402140862e-03
-1.652778023742917934e-03
-2.153616117862272583e-03
-1.831617554847175811e-03
-1.834339665406359288e-04
-1.873168386431478538e-04
2.414133573136467703e-05
1.539130630709206748e-03
1.567037652387082147e-03
1.475309411077430077e-03
3.818305344630151810e-03
4.432335917947533011e-03
3.007732550009301065e-03
-5.511765765352422131e-03
-4.585978558219572232e-03
-3.205260857683023268e-03
-4.767120907053001844e-03
-3.584570033136974532e-03
-3.649082495245176139e-03
-5.458407484416477606e-03
-4.028276001751207591e-03
-4.266695304912748732e-03
-3.930699367556300672e-03
-2.041806388110994908e-03
-1.792885737786742428e-03
-1.065078699823501784e-03
-2.547460589426564503e-04
-1.085814030180876077e-04
2.507305143257254620e-04
6.037823714888368443e-05
-1.582290711731326738e-04
5.957092294320842640e-04
8.493810152760683518e-04
1.154710694643595881e-03
2.788604696940033545e-03
3.960517648237099619e-03
4.712359747538419352e-03
6.504820865035010335e-03
7.622416979308266338e-03
8.263788700684643329e-03
8.484085467962698690e-03
7.032595099512539694e-03
6.050785696568639072e-03
4.060974459543065240e-03
2.506399051435126424e-03
2.177102836097621896e-03
1.189359603674000621e-03
5.420477700158188306e-04
5.926113201180638335e-04
4.329690740182967623e-04
1.171409167490256031e-04
3.402447928188556681e-04
4.381752887869516666e-04
1.900336069526886718e-04
4.936402161964670299e-04
4.416873264970200275e-04
4.165969744134301322e-04
2.499223122728322366e-04
1.534094653610207359e-05
4.368284911719366725e-04
5.329177743324531313e-04
4.415068899032981165e-05
1.158171203393898452e-03
2.020316979242042787e-03
9.543097201323291756e-04
2.655476381863891566e-03
3.155398458859620670e-03
2.399976184284308145e-03
3.878774902298293137e-03
3.500421981366380608e-03
2.738224857713134064e-03
3.803793145952416577e-03
2.410305287437741750e-03
1.222249016105431130e-03
2.092275264437226667e-03
-3.335640874768674990e-04
-8.308997826308450740e-04
-3.706504868949411780e-04
-2.190024615594698965e-03
-2.572545129364278704e-03
-1.717806461024262710e-03
-2.617014120623484263e-03
-2.947745238598697970e-03
-2.289849870597104875e-03
-3.060627765777035325e-03
-2.999848337752852867e-03
-2.565261201046720174e-03
-3.041674812038985820e-03
-2.029009734671155529e-03
-1.710187662391976504e-03
-1.731950709019380863e-03
1.254415318048263117e-04
8.963648142013558306e-04
1.535489213063401248e-03
4.559916482150649930e-03
4.831594916690440389e-03
5.827141021137460797e-03
6.506810952482955379e-03
5.220630465448516944e-03
3.798231016946540528e-03
3.966906540667364256e-03
2.780477561978661472e-03
1.802705377687646715e-03
1.870458488080317672e-03
5.016798595224580826e-04
7.604775466704682962e-05
1.819035018796877345e-04
-1.077026758266402817e-03
-1.770137059991960804e-03
-1.678622768536697230e-03
-3.646890785764744791e-03
-4.544293968661961003e-03
-4.147622683829288448e-03
7.677529329527699176e-03
4.528554287090008623e-03
3.525561516376646276e-03
5.373241468701467349e-03
5.467240672132944734e-03
3.195932277142377043e-03
3.167901256019123313e-03
5.545193572143974903e-03
5.474997897449651596e-03
2.271021364811609544e-03
2.377547571341065424e-03
3.331324913920130637e-03
6.763045299201797533e-04
-1.928778222685667565e-04
5.355616514690630936e-04
-8.055385906008405428e-05
-4.689345850817372430e-04
-1.992494313377557447e-04
1.861220177894473693e-04
-9.440548642403734370e-04
-1.846861464405213926e-03
-1.447123106165792983e-03
-3.693407980166846238e-03
-6.025495745542897019e-03
-6.031553137477468907e-03
-7.554008222355163005e-03
-9.182086572038616890e-03
-8.931143909240241152e-03
-9.189457621822161304e-03
-7.080247363058234100e-03
-4.377945395288046493e-03
-4.196426425269184080e-03
-2.883895530622876402e-03
-1.071679229986077786e-03
-8.933883437617085033e-04
-8.451580996605700946e-04
-3.633546147930044601e-04
-2.677094578166228089e-04
-3.532155021278293727e-04
-3.715986031563867087e-04
-4.603819139761544665e-04
-3.255213386165189959e-04
-6.133831921867061165e-04
-6.866697336941063323e-04
-2.023062948706966235e-04
-5.386595526363779918e-04
-4.414183562606865951e-04
-2.195926247289259337e-05
-1.137409009447337693e-03
-1.360608641750138403e-03
-3.079672326723181808e-04
-2.070208942091755766e-03
-4.211758666493259362e-03
-2.140889690698394299e-03
-1.950176476430531824e-03
-5.122116744537497102e-03
-4.328251762402812730e-03
-2.626491545040743336e-03
-3.771462480231774217e-03
-3.664133035968963892e-03
-2.463552370925659041e-03
-1.396437859078225596e-03
5.463051013482045359e-04
3.996297187657260608e-04
1.146496155242648918e-04
3.019072045198745169e-03
3.120809445672306781e-03
1.805285095027531206e-03
2.872521544805078930e-03
3.209084373636622578e-03
3.193704563553390052e-03
2.557840845527264984e-03
2.521569113755145475e-03
3.851594317863804573e-03
2.710121425614775426e-03
1.886974292040044521e-03
2.618180464819930275e-03
1.118251836656564135e-03
-2.081730434115858230e-04
-4.622342653509692312e-05
-1.902451079578676429e-03
-4.615674084947590794e-03
-5.429688727849296681e-03
-5.767780171184566651e-03
-7.383674702491044295e-03
-7.982406905828909327e-03
-5.310614416843495444e-03
-3.772877718301620442e-03
-4.900544643101301112e-03
-4.084223151827937048e-03
-1.384803928122013694e-03
-1.282235566755607348e-03
-1.153176137283107305e-03
4.090885911892105931e-04
5.104094664600822284e-04
1.068409396774716580e-03
3.631832996553618909e-03
3.687323527463648443e-03
2.943089087574901619e-03
6.184798220941090108e-03
-7.467336006840685769e-03
-5.414167014914206266e-03
-6.059029618338818146e-03
-4.495422095442347388e-03
-3.494771320718098595e-03
-5.298629486521794218e-03
-4.491405146907101464e-03
-5.158897794575734164e-03
-6.386515188436192592e-03
-3.604560648472088236e-03
-3.539562094020426430e-03
-2.406417307581787401e-03
-9.037760952240181389e-04
-7.655005797223002340e-04
-2.454837763877226742e-04
3.099142772855500994e-06
-9.972528591895013506e-05
3.220435530238430211e-04
3.340851720321780238e-04
2.859772952104322474e-04
1.361872816628528771e-03
2.115100591075808056e-03
2.677094431336679570e-03
4.372153107039922215e-03
6.407307282207841403e-03
7.730199543708793364e-03
1.041048197963018174e-02
1.069304173991972307e-02
1.055887439742086986e-02
8.616134412071041471e-03
5.533321984508732250e-03
4.284220745011890763e-03
2.488276530177802037e-03
1.224475777364619766e-03
1.055873609070223651e-03
6.121233180785279337e-04
1.850775043241159601e-04
2.813570460202807766e-04
2.973079611977569314e-04
5.344328557310706884e-06
3.769847280679639034e-04
4.995361874822190629e-04
4.019027605832725669e-04
6.567005195635133852e-04
2.938114549804748954e-04
4.560315620928956371e-04
4.175490082241051226e-04
6.472793471706816959e-05
6.618987712490032038e-04
1.498782729562497806e-03
7.469011398624769704e-04
2.378893171866514056e-03
3.098906582820637468e-03
1.474146685572885751e-03
2.957344610415163499e-03
2.495835652712635744e-03
1.983630800097196945e-03
2.997954370384581235e-03
2.039391713750338120e-03
8.947938908284158721e-04
1.915525034027587559e-03
-4.311589334568821652e-04
-1.161972640296882187e-03
1.995354952240013802e-04
-1.726524311825461400e-03
-1.722638309280488667e-03
-9.241977358364628081e-04
-2.125697149807426189e-03
-2.243027257200713720e-03
-1.523096678786084457e-03
-2.454498291774853680e-03
-2.642808036027732843e-03
-2.099599439833732539e-03
-3.055919656043043497e-03
-2.366933106977137102e-03
-1.936334309047410551e-03
-2.196064866953173489e-03
-9.641596023563236972e-04
-4.310125460882108239e-04
-4.532357256804009360e-04
2.903251851777810533e-03
4.411706619071142921e-03
6.672239556006487327e-03
9.930283627253788659e-03
9.414310666902958591e-03
8.996607534585920884e-03
7.616406828420935193e-03
5.863526632460730470e-03
3.988531184802301954e-03
4.228120070021990085e-03
2.171027082564030986e-03
1.353696819880151336e-03
1.194041199792578167e-03
-2.292648037241495906e-04
-7.419892414050610618e-04
-4.446570386574255629e-04
-2.564673541481071739e-03
-4.169885649081939150e-03
-4.419104987672950458e-03
-7.254253105935859480e-03
7.637302875141360747e-03
1.063499401584991344e-02
6.793050260079702696e-03
2.320676058330639613e-03
4.461169949954435499e-03
7.838840059556151374e-03
6.337498016583342775e-03
3.039469626294061255e-03
5.090435275091675926e-03
6.463591407875557415e-03
1.869294899061624271e-03
4.264829441363859885e-04
1.737455164723900047e-03
3.079306394357939070e-04
-5.163524820685494454e-04
4.574248407496206426e-05
1.014252947152960438e-04
-6.740522924781333636e-04
-6.416324146792939942e-04
-2.839536283703036901e-04
-2.465533513915540986e-03
-4.097120079112337443e-03
-3.391113871268419677e-03
-6.058270589076597545e-03
-9.980654434791125240e-03
-1.113810674118639876e-02
-1.197595338254944797e-02
-1.181549182298097245e-02
-1.029400289248308398e-02
-9.653377337898949584e-03
-5.911839764663501251e-03
-2.424283451408770773e-03
-2.063265001604613902e-03
-1.756544910548829552e-03
-6.784310682620142696e-04
-2.948263114712634803e-04
-3.946671263751477809e-04
-2.438730071912253994e-04
-1.747036658805156684e-04
-2.918083488238354395e-04
-6.052355243963136733e-04
-6.814554199675304513e-04
-3.468425832540145137e-04
-6.993694519075166482e-04
-7.171969750987272629e-04
-3.745486869198011437e-04
-9.362056635408289029e-04
-5.901236058898362558e-04
-1.754912150055965014e-04
-2.640839682274409572e-03
-3.917050465960164596e-03
-1.005563847990831317e-03
-2.533548382410599764e-03
-5.845739219429713085e-03
-3.098117645944586940e-03
-1.190023242568671868e-03
-3.845870466474776705e-03
-4.216424870561508165e-03
-1.685642211440241400e-03
-4.209856948373391639e-04
-8.941847727550467084e-05
-7.802740682661679639e-04
6.855852706377230099e-04
3.552574622134180293e-03
2.099124142559333217e-03
4.632929809848529423e-04
2.729373835316822872e-03
3.548693051475759752e-03
2.068908600408814191e-03
1.737136139152190006e-03
2.850738610836234255e-03
4.125033092694518899e-03
2.776926880194874325e-03
1.938168875363799337e-03
3.322451889832434002e-03
2.282840646223083247e-03
1.284677228979957953e-03
1.743243117111548113e-03
-5.511781320239328430e-04
-3.142034655418846079e-03
-3.780051375716519946e-03
-6.710959107757985542e-03
-1.109656565621047752e-02
-1.241137113438162132e-02
-1.012744882840138638e-02
-9.738571322649880457e-03
-1.048485608816576709e-02
-7.461601794250150022e-03
-3.280010038539615813e-03
-3.905294036536888225e-03
-4.182049939212839629e-03
-1.333807170310619128e-03
-3.035776984466886930e-04
4.006521085427316997e-04
1.926093233215242506e-03
1.494294141448748725e-03
2.720729211580341644e-03
8.242546268288852840e-03
8.949217529617248257e-03
5.356337410979794544e-03
-1.113893589752182334e-02
-8.028728857593592227e-03
-4.633302655880577881e-03
-5.776125488570871269e-03
-4.085344602370033495e-03
-4.193637635581226597e-03
-8.391799296369573113e-03
-6.876901551765679521e-03
-7.606962265501560072e-03
-5.337229051163655535e-03
-2.122434401050116159e-03
-1.960109501221884987e-03
-9.947624000322397020e-04
-1.862363175771653001e-04
-2.137598463738121790e-04
7.112191916650023593e-05
1.110177635280096275e-04
1.442715126984128737e-05
5.459439627637785453e-04
8.166001654522359043e-04
9.917187097535917761e-04
2.542389068276529329e-03
4.066467559603437198e-03
5.331278422157637031e-03
8.676053669873007301e-03
1.267489716024805535e-02
1.549219633552362252e-02
1.772772506274422621e-02
1.389948904609900060e-02
9.917033957215493079e-03
6.504700328486212602e-03
3.110510876806082958e-03
2.278042425667314852e-03
1.032595040810213582e-03
3.447935289433989858e-04
3.717217843871023497e-04
2.639943336477101887e-04
-5.606957995007988416e-05
2.186548176930092069e-05
2.379720398848483853e-04
1.982580796877631002e-05
8.109449302211302335e-04
6.974601087920140330e-04
7.321872987544608691e-04
5.983798268305862145e-04
1.674294701679568398e-04
5.383976720103045288e-04
9.515465493986630108e-04
5.252292320240825596e-04
1.651683171898010727e-03
3.711392566694893258e-03
2.269140526909962929e-03
4.189445473301772749e-03
3.046034020953769517e-03
1.608935203721517659e-03
2.704613896548052621e-03
1.719872754016416039e-03
6.888796130530561168e-04
1.708020433228901735e-03
-7.988580053269744852e-05
-2.445266307038784781e-03
-8.705586300891410279e-04
-3.292551403469623494e-03
-1.910311862639180180e-03
-7.788697138327860259e-04
-1.932200615599066751e-03
-1.696931016754943400e-03
-8.998188267190787570e-04
-1.857328569586591538e-03
-1.930245442496647534e-03
-1.529412818423947495e-03
-2.858685292298712710e-03
-3.011269065179650317e-03
-2.558465978253321449e-03
-2.887771219716978033e-03
-1.581419578015996752e-03
-1.195847196539506774e-03
-2.120009360302654855e-03
-4.804584044926230035e-04
1.402331801025724634e-03
3.160478292331903027e-03
9.823775535971163153e-03
1.292649354050148802e-02
1.678900509208258729e-02
1.644056924988138157e-02
1.289521761510337150e-02
9.025878841760204274e-03
7.529999008545174011e-03
5.971717115523050845e-03
4.194930817487979580e-03
3.410121773032570580e-03
9.704071817001058697e-04
4.494780226833861025e-04
4.401693995667588233e-04
-1.035267958619051631e-03
-2.429688556415288136e-03
-2.760588671850333631e-03
-6.748809038293640539e-03
-1.027306906486391558e-02
-1.044396975184641585e-02
2.045531610562470459e-02
8.856006305894670305e-03
4.172209369435048165e-03
9.552049448938559895e-03
1.033602308335607178e-02
3.768592901702644271e-03
2.866840193322145458e-03
1.163059662429299923e-02
1.303424796520899487e-02
3.402400895785417934e-03
2.271138449791598735e-03
4.650926329513971336e-03
1.599295225715502422e-03
-6.887873937512223321e-04
2.472795543800865303e-04
1.381348487197731068e-04
-5.449043568247491365e-04
-7.531514264758065735e-05
1.270394140322483878e-04
-1.320548067405780124e-03
-1.533524215769299648e-03
-1.071824284553379858e-03
-5.160582125633750294e-03
-9.072507350414982241e-03
-8.708358832454243803e-03
-1.105721957454847137e-02
-1.822880232736956430e-02
-2.253802982151381640e-02
-2.121571025544297107e-02
-1.307054800430226815e-02
-7.171800456453547579e-03
-6.631170306771821954e-03
-4.857332314809614804e-03
-1.292001512334078894e-03
-1.634699507669923335e-04
-4.601383466174835402e-04
-2.912620167883073208e-04
-9.873056226378240652e-05
-2.565823321126203815e-04
-1.601190297669807805e-04
-4.078760946671367016e-05
-2.600479784130860228e-04
-1.184978467009600855e-03
-1.396240739473197934e-03
-5.078463541756395028e-04
-5.003990413218195599e-04
-4.543959939461161834e-04
-9.613118558776112543e-04
-2.728463468703673511e-03
-1.869965378682392210e-03
-4.448172024488494802e-04
-5.831867386230565886e-03
-8.760150253629139794e-03
-2.251691297298574757e-03
-1.096971314635264427e-03
-5.702163364675549850e-03
-4.280612884085543968e-03
8.983199183654200226e-05
-4.306231586540532064e-04
-2.264457139345255055e-03
-9.305415247687354174e-04
4.361290525847438815e-03
6.151329738320721052e-03
1.422153760973737802e-03
2.173395415051571078e-04
3.963252718800824859e-03
3.551686157354877471e-03
4.992538467747387188e-04
1.381829543804613536e-03
3.675519013009914682e-03
3.549804152595537055e-03
1.344387047076261998e-03
2.493325799199863635e-03
6.094412555691319788e-03
4.697214342932520825e-03
2.351023352422543233e-03
2.530339369400280702e-03
1.181389333702154154e-03
8.572103657265572885e-04
1.812679005180117819e-03
-3.388484730657781441e-03
-1.024396584079556582e-02
-1.507663541858500489e-02
-1.900661996844826840e-02
-2.309425735236406152e-02
-2.201022052623757830e-02
-1.280997270366618368e-02
-7.888361222363693415e-03
-1.113732416351373433e-02
-1.111585511666254855e-02
-3.720943001277732254e-03
-1.106021468967877119e-03
-1.943793721595254986e-03
-1.094059414962045285e-03
-1.737174186254852870e-04
2.565079605104714222e-03
6.583663940165407347e-03
5.153028243270685316e-03
6.238087141127168778e-03
1.751792385280412367e-02
-2.075139787158775118e-02
-1.246745855304637329e-02
-9.485003284995685569e-03
-5.023603972857337840e-03
-2.813855221527439276e-03
-6.188802434770268590e-03
-7.280898189200801784e-03
-1.192469304789156581e-02
-1.498995341441680673e-02
-7.433381852501724785e-03
-5.657959238597881635e-03
-2.564862943378765081e-03
-4.344424851098482865e-04
-4.047143111117201819e-04
-1.439260001475650697e-04
2.965907355698127468e-05
-4.824747094314685292e-05
1.787230015295460106e-04
2.096066072905800048e-04
1.602686320398283293e-04
8.828162518432214334e-04
1.378513411748966133e-03
1.838339931531984828e-03
4.432062305978701211e-03
9.227895804630736887e-03
1.372217981773349305e-02
2.446195258612587908e-02
2.860012291545285801e-02
2.866857484826379476e-02
2.239326731958402039e-02
1.129133410036015084e-02
6.788327689065787318e-03
2.439283580729423306e-03
6.312405831932488276e-04
4.914820795915986196e-04
2.949808148074439806e-04
1.931172270780434630e-05
-8.674890535492751908e-05
-1.006765968666889499e-04
-6.303076366582227585e-04
3.284046846166455147e-05
5.675830759567235262e-04
8.214172948024511811e-04
1.603622835224915999e-03
6.770847930535062176e-04
7.495988644747320073e-04
5.514679794681454084e-04
2.128666776476939582e-04
8.557423102474315257e-04
2.667004386628146761e-03
2.682189821322178425e-03
6.022356390104066648e-03
7.150365524964924502e-03
3.167086940879942913e-03
3.844064905389271702e-03
1.915514937939927220e-03
8.664932241417011571e-04
1.411115048275346506e-03
2.485791911382428943e-04
-1.790213309793731167e-03
-1.601703143994409606e-03
-6.329505567728099802e-03
-6.815875223541101313e-03
-2.787799427106885108e-03
-3.230361034032180889e-03
-1.836546313249143303e-03
-5.936415786567672548e-04
-1.257742315200260919e-03
-1.194893699031196466e-03
-7.557027578015684810e-04
-1.909205896149457349e-03
-2.627330072022315832e-03
-2.867450642643432079e-03
-5.122797398245948486e-03
-3.224724791828781356e-03
-2.062842018228899788e-03
-2.759521832688988097e-03
-2.476727807301432049e-03
-3.046878503503797075e-03
-4.308796628906125248e-03
3.220139255603104989e-03
8.580844461696823799e-03
1.838129454658748996e-02
2.901608123891324942e-02
2.921672267433600423e-02
2.541216908281840325e-02
1.689422955103747626e-02
1.228245574727204747e-02
7.933839702334466448e-03
9.067148728048979311e-03
4.575645471823902577e-03
2.937297616590561766e-03
1.806815805180939094e-03
-2.798823881269840719e-05
-4.546735617212138703e-04
-5.533936188011068236e-04
-3.506291934799926624e-03
-7.770931580929618665e-03
-1.122765316108978451e-02
-2.013757746832098294e-02
2.287108427004838629e-02
2.899244139685758226e-02
1.410204123590705350e-02
-1.882281168156252349e-03
3.369780773832320442e-03
1.741710478539079676e-02
1.654894097964546007e-02
6.437910303396160439e-03
1.279634991995293181e-02
1.693357637830544826e-02
5.769237564351548109e-03
-1.300145276733610800e-03
1.459983819928067916e-04
3.796692566942483360e-04
-5.395366772045773196e-04
-2.221345148600839536e-06
9.340845582500589828e-05
-6.443373861566015215e-04
-7.942003944899633794e-05
7.890098463619876767e-05
-2.493114977773824847e-03
-2.690384017743463474e-03
-1.717569928795792400e-03
-1.116051484310676134e-02
-2.670393162326134551e-02
-3.336611964266678054e-02
-3.291490236595517871e-02
-3.278140593959655291e-02
-3.223052530030148799e-02
-3.145447859497232934e-02
-1.870244181126695660e-02
-3.848285683364705001e-03
4.935393578864022412e-04
-5.847751391840350088e-04
-5.882079777445037294e-04
-5.727862692392338140e-05
1.573892649013031164e-04
6.548288370770982691e-04
6.964732633521764082e-04
-3.209665845245179838e-04
-1.181609159112528840e-03
-9.398863105194721346e-04
-2.848619508558358771e-04
-1.465545747447949410e-03
-2.105714462494273631e-03
-1.374345403083759853e-03
-5.634247710764872519e-04
4.422525060128190688e-04
-2.235074507744461147e-03
-9.696880081687980768e-03
-9.990743865792073297e-03
-1.980629149177820514e-03
-6.974762411767865267e-03
-1.289187242651690379e-02
-5.374815545054756338e-03
1.237540653680258007e-03
-2.310365882670362137e-03
-4.052495310176484900e-03
2.277922498291895526e-03
8.737342774562284475e-03
6.793481954393998379e-03
1.003668393891099520e-03
6.768965031045848235e-03
1.173330633947056167e-02
5.643138761728838659e-03
-8.572843081210423932e-04
8.591323504651970921e-04
2.783626541586536884e-03
4.839515763130908255e-04
2.879778437623881082e-04
5.717013318930874721e-03
1.014827576976418122e-02
5.431442926419172146e-03
2.093972866782423115e-03
5.890668873518356552e-03
8.416916538036722795e-03
9.654415210605726827e-03
9.980676855255332658e-03
2.828337548530235335e-03
-4.518535208980933859e-03
-9.878509060630480398e-03
-2.423912565124763940e-02
-3.445808778138273465e-02
-3.778220321112299440e-02
-3.295735690388656991e-02
-3.361591078346135020e-02
-3.519413946989599640e-02
-2.227531835954393857e-02
-5.573446265973780456e-03
-4.998230472501419275e-03
-9.979207268572709566e-03
-5.466238169773429689e-03
-2.769810622508250830e-04
1.156304097503557671e-03
8.966690958345235885e-06
-8.134321559197799090e-04
8.818884741704724473e-03
2.545646040375321162e-02
2.579343569830766514e-02
1.515791442459801797e-02
-3.583046986085336449e-02
-1.589237303085988540e-02
-2.475343473797075866e-03
-1.843338612380951425e-03
-1.135325647792839732e-03
-4.643782937504226105e-03
-2.067272524424068614e-02
-2.564914683387048422e-02
-2.385617400131639920e-02
-9.821280840857371519e-03
-9.470902310671491797e-04
-4.698881590192993674e-04
-2.893962268868954801e-04
3.752498666811932004e-05
-3.534868202026419937e-05
5.040633929573323790e-05
5.331738991648515835e-05
-4.821439390356729859e-05
1.709911595344504320e-04
2.213685774654916560e-04
4.069839275236408760e-05
9.119107331895248691e-04
1.516634000161942719e-03
1.268627203163397166e-03
9.326164849206952656e-03
3.147477749426796922e-02
5.180090492820088599e-02
6.842401723630947563e-02
5.289765923256320446e-02
3.068010832477563454e-02
9.448699109519620443e-03
1.196694933567332697e-03
6.156497534313687403e-04
2.453200115956066796e-04
1.179437594084342678e-05
1.089977799807462233e-04
7.123139578668613581e-05
-4.872654426107403403e-04
-1.431204721878187591e-03
-1.346385051424647816e-03
-1.313889882442936807e-03
1.976655994731152388e-03
2.701948418966343413e-03
2.730228635245413038e-03
1.205878574636803924e-03
1.405149983471631892e-04
3.436383163191170098e-04
4.856605501617483611e-04
2.400543604562099809e-04
3.010201510485033261e-03
1.155010334976347419e-02
1.222003480702274492e-02
1.273004421647858098e-02
4.308863759558245743e-03
4.956486123512404696e-04
1.147258655888022671e-03
4.038727995481772304e-04
-1.398499729243773970e-05
6.103163206958861497e-04
-3.174800416756634602e-03
-1.346736492443378896e-02
-1.410262675196358173e-02
-1.420479637801602690e-02
-3.889244090361898554e-03
-7.316961751622774734e-04
-8.822026894780288231e-04
-7.596081326733949979e-04
-2.964788289425146495e-04
-8.255237279281013585e-04
-7.648652109218390116e-04
-1.075478578623445536e-03
-4.677622569326855828e-03
-9.248167832212828010e-03
-8.459909504150264770e-03
-2.916564253682224495e-03
-1.088326912700721127e-03
-1.760367265863954644e-03
-7.429334782387164715e-03
-1.286009075835387039e-02
-1.054055329728936785e-02
-3.917444375087342223e-03
2.446476267285407902e-02
4.726666774585763786e-02
6.599300717946962602e-02
5.924823929994757488e-02
3.680682165462384470e-02
1.389288561150558987e-02
8.028756406782577848e-03
1.338807907896905069e-02
1.268943768320227039e-02
7.387077410071968275e-03
9.149574536258253676e-04
7.833689767303142482e-05
2.575209488036578342e-04
-5.019490474408305758e-04
-7.913167431896350745e-04
-1.669946210522271768e-03
-1.363773657917038973e-02
-3.393403021110000251e-02
-4.345019724138482475e-02
1.513892810014037804e-01
5.887136075510140953e-02
-7.655612273501088971e-04
-8.443516885314472642e-04
3.109615748114302747e-03
-6.455026906584726554e-03
1.162632039436725662e-02
7.571508840494181602e-02
9.401519077633149757e-02
3.165945022344363036e-02
-2.675665380970637663e-03
-1.522748266374884807e-03
8.636543221360315492e-04
-7.415777877943785512e-04
-2.151524071901667057e-04
8.454787242556660587e-05
-4.437125318098034121e-04
1.290833523910350777e-04
1.480943930654565754e-04
-8.693353329203290514e-04
3.003775606707503876e-04
4.430117212489426137e-04
-4.076431214238951384e-03
-3.263544028976328448e-04
6.625231548180926522e-03
-2.608631585707493761e-02
-1.192986861526743048e-01
-1.987322205722605595e-01
-1.943722533232014604e-01
-1.125826047719059864e-01
-2.327156884167166928e-02
3.198471011529230301e-03
3.966118216405245533e-04
-6.275861858786313530e-04
4.117779248395403435e-04
3.194354361221729555e-05
-5.657618244759854420e-04
-2.537243650305720521e-04
1.901247910969239285e-03
6.706187877571545553e-03
7.195052400609913690e-03
9.175191849093988772e-04
-8.500806065966537428e-03
-1.167419181991427579e-02
-4.397384572746743103e-03
4.996528797429067303e-04
1.356552514044095936e-04
-1.771654138951000990e-03
-9.357123094631825122e-04
2.443810851407712814e-03
-9.522314538975645837e-03
-4.917390576297883675e-02
-5.788872497619795832e-02
-1.689216893711731338e-02
3.606525934312931891e-03
-1.192760713605633960e-03
-2.840029128827803451e-03
1.565440305518195352e-03
-2.015451407624435642e-03
-5.565923792569205109e-03
1.472174828753991527e-02
6.076574635890047427e-02
6.473752233041810134e-02
2.034492536204116075e-02
-3.286866206436200866e-03
-1.089475640188131145e-03
2.446210563792877712e-03
-2.754955704289685503e-04
3.105366760987327002e-04
2.271682152289317136e-03
-1.130808316147202675e-03
-7.265316585436942809e-04
2.163161452816483865e-02
5.161536688885492996e-02
3.987452670035690483e-02
1.108476926550078234e-02
-2.760255985165327441e-03
6.504592698203359724e-03
4.190360602385956312e-02
7.680940412718190169e-02
5.308690890635772708e-02
-6.493008212597267681e-03
-9.481087677505847799e-02
-1.802033852841629091e-01
-2.021385118764083000e-01
-1.450820910631627492e-01
-4.049941453039818118e-02
5.805204565933919092e-03
-2.136658035017571788e-02
-5.418426544477314422e-02
-2.754346909122523668e-02
-1.363189157759847614e-03
1.809992662480941483e-03
-1.031244697029531920e-03
-5.803303322333697167e-04
1.820659918713773973e-03
-1.492243142576843429e-03
-1.825839323692735050e-03
4.602727332026568252e-02
1.409271180205774465e-01
